6.050892405053614554e-05
1.129957586758095463e-03
1.990055500913477269e-04
1.773422940494881169e-03
7.810419659834942629e-04
6.855387089920921353e-05
5.660956439561926979e-04
1.812109262451800642e-04
5.140079621877035633e-04
5.978658631900183196e-04
5.491456577694892819e-04
1.879485172263337675e-03
4.877115479637293433e-04
6.786986458104974859e-05
8.269422143220084081e-05
6.360121727959644217e-04
3.274424800355769894e-04
2.190533189050979991e-04
7.266598225923283968e-04
4.931975298461031235e-05
5.555142837853216387e-04
1.063466860266352402e-03
4.008684853356889128e-05
5.577937310578164466e-05
2.302374814490379699e-04
5.937796222424323927e-04
7.493084777248323110e-04
2.260053585731287514e-05
4.810996917663970095e-04
4.415642852004818047e-04
3.511259265988960106e-04
4.125853959318812828e-05
2.454895567406672335e-04
4.113822355024547898e-05
4.620322651324828872e-04
6.803154410983256959e-06
8.029275689444055229e-04
1.414688938195015212e-04
8.093908025630982281e-05
8.133544648244540659e-04
2.877540567262030363e-04
7.729681514700749434e-04
2.964129215891349312e-03
2.011361303983011861e-04
1.373385591031097515e-03
5.595090326801538567e-04
8.748252319760049204e-05
7.106400275820054860e-04
2.177090596271532977e-04
5.318312958763326279e-04
1.260966695165378524e-04
1.984669325243746101e-03
6.055108281906948107e-04
4.555765281503153827e-04
8.178074609797612382e-04
9.285642030387780872e-05
1.789230957916805717e-04
1.227202664175399078e-03
2.016928823404934268e-04
2.985494005483996112e-06
7.090270246325249015e-05
7.099524869482291573e-04
9.936491862677909997e-04
5.093581402755523647e-06
1.050714036936358821e-03
3.972166294757184437e-04
3.615001943598344382e-04
2.440121897845230520e-04
1.303274124024203333e-04
2.232550680360325941e-04
1.614254231332045071e-04
1.050207277837430630e-03
1.462014250824051123e-04
8.762419730797560836e-05
5.152970732636783912e-04
3.822402101509513278e-04
2.397478529419774438e-04
6.976973405299373686e-07
6.751594157752172792e-05
1.316012093924428541e-04
1.426210428726840461e-05
1.124539224914669275e-03
8.652589494621824211e-04
4.326705398885781961e-04
6.117135715528158749e-04
2.010453124166516686e-04
1.492244647884309995e-03
2.173892675146331822e-04
4.282464579157610474e-04
1.992430461098884393e-04
1.043303557083587359e-03
9.497711452860144177e-05
2.701158446893877426e-04
9.762688105901845721e-05
1.084365810660101008e-03
1.114345235854850283e-03
2.746878950790254052e-04
9.107037760431589181e-05
1.429430695700640522e-03
1.000681759580209287e-03
8.948851964773613121e-05
3.855173471171119252e-05
9.446696167497837897e-05
2.269387297735139049e-04
4.587919985265868331e-04
9.763086010331670608e-05
1.547992299702281426e-03
1.243533081950685612e-03
9.647930473708907423e-05
2.757856950160358423e-04
6.514265368005552666e-04
5.404382120125832351e-04
1.319555453134699501e-04
1.743131791741568985e-03
1.885977678642284132e-03
7.560557004642670447e-04
2.747290939187572690e-06
3.465375528587499431e-04
1.531437453055873059e-03
5.056516696853359137e-04
3.136000465687034081e-04
3.627867270817571933e-04
6.730427551097711500e-04
4.350949689422556050e-04
3.071411077929072503e-03
5.360229915692275090e-05
2.854598262304548274e-04
7.981134842593368747e-04
8.579787213107195045e-04
3.003675626091096965e-04
2.607050742235271913e-04
7.004805866065520314e-04
2.148246269409377922e-04
1.098221791235088517e-04
8.875724203774789398e-05
4.384830927437063605e-04
7.376116050849220503e-04
9.119533079399291592e-04
5.393374592105579831e-05
9.685152468753559663e-04
1.631235571539502171e-04
1.188414720352471516e-03
3.987161427758461815e-04
2.410941654305618471e-04
3.805612296888859436e-05
8.633547233690411953e-04
1.278838411784318093e-04
3.439877131935370762e-04
8.394204565349554659e-04
5.502282998489087685e-04
1.112332585109230938e-05
1.460117095081518376e-04
4.975079213862126665e-04
3.054239377403937788e-04
9.266513518051241105e-04
5.006382677117952504e-05
3.215125757623864245e-04
3.702177243011308414e-04
7.246101393554692650e-05
4.091157132822249940e-04
2.240053794527469520e-03
2.669593950892016655e-03
9.425790995592737238e-04
2.564556873905998952e-04
1.322107151253767206e-03
6.697936343462800556e-04
1.750261852510347389e-03
2.463458833363968946e-04
1.929660831230628525e-03
8.085822376840598978e-04
8.488010143413473848e-04
3.357580730479528249e-05
1.386643732552191987e-03
5.671416392346696018e-04
3.387016340030702668e-04
1.041534174257445922e-03
5.660892035215015389e-06
1.128506644387396564e-04
7.247480777652252155e-05
1.680423057632963839e-04
5.206934344167274748e-06
2.422590248140406462e-04
5.191661189578011386e-05
2.489365745412399993e-04
3.490451981182963754e-04
1.249622644099286043e-04
3.982991756756581190e-04
6.341521803218443934e-04
1.382125330655960022e-04
1.364775038016563134e-03
6.700903892667327017e-04
3.533689957682400356e-05
1.158769475659951373e-04
7.273056917497402020e-04
1.033298961835652776e-03
3.296749534937145005e-04
5.234950170135635331e-04
3.767507715024070677e-04
3.083356111077948693e-04
1.026061512055691672e-03
1.735110646916082709e-04
5.731863575275434296e-04
3.071728634962177587e-04
4.388762471526078590e-05
3.609878048256740874e-05
2.556357636568426864e-03
1.317821464065747634e-04
3.229143303765729875e-04
9.819885394316263654e-04
7.507715459966915559e-04
7.305969694428552253e-04
9.201479522367640067e-04
3.313680405583122588e-04
2.807690754923339500e-04
1.275533451484208011e-03
6.680208325710871231e-04
6.845511937968856968e-04
2.587459395537986982e-04
2.346796325820069932e-05
1.701176466177663519e-03
1.926604503495199527e-04
5.089169161353231932e-04
1.303578257320742412e-04
3.291225679984617386e-04
8.737779147160649974e-04
1.785835731938431679e-03
1.020368923433118152e-04
3.972951371980469062e-05
7.987468685878566137e-04
2.816180257155606213e-04
3.620423868131791172e-04
5.416913357322627386e-05
2.358689644014741175e-05
1.951628403181939397e-03
2.731437354307766582e-04
7.422051544712643520e-04
6.183568170932909501e-04
3.802713653634002926e-04
8.316867707012242809e-06
9.369244815012443698e-04
3.730523441326095806e-04
5.817446234051673647e-04
3.883592710024161591e-04
1.916113163106073511e-04
5.198138970895551389e-04
5.816952609168176856e-04
1.863577649057455998e-04
2.037738567699429171e-04
8.282468444525530613e-04
1.042577867595304670e-03
7.003272456249273715e-05
5.027279119812984353e-04
3.739202552162421535e-04
1.834048740172306003e-04
9.022438236598135861e-04
3.571182855378982491e-04
1.257350142746956306e-04
4.237457938756780348e-04
3.371121866153384511e-04
2.395332698662331185e-04
2.199152673480370981e-04
9.565174007310950799e-05
1.632654677336907792e-03
8.130010763550999135e-04
1.168411629820154449e-04
1.352664957897331066e-03
9.872584054532714069e-04
2.160446680305656321e-04
2.685899896860623366e-04
1.991662322705893963e-04
2.400914934828875854e-03
6.311946390988990886e-04
1.062492780698553498e-03
1.045397765666559878e-04
1.468588692391392106e-03
5.669969564981090738e-04
2.407126340681793586e-04
6.766943759851342310e-04
8.052011077659506407e-04
1.623410400438572753e-03
7.589478545603746623e-04
7.127750200071174009e-04
1.347105562029209547e-03
8.648333679705026656e-04
7.121331128579140883e-04
4.465500661240851422e-04
2.051674372059898808e-03
2.484289075845373912e-04
1.051731773464041272e-03
4.862242744248777317e-04
1.354951744165867943e-04
1.135323566955174390e-04
2.365884891003409898e-04
6.163313119166687276e-04
3.935979620716110496e-04
2.110253871063169515e-05
1.401177196563363275e-04
9.222906270949456672e-05
6.928877222429554057e-05
3.311893722991203579e-03
9.317107589422328256e-04
1.592681302477025503e-04
7.403286240339017592e-04
3.872736993255063479e-04
5.114277659072952219e-04
6.515739630421221945e-04
7.410960587327298415e-04
6.143655555649007961e-04
2.027907973716420499e-04
3.822758821872405981e-05
3.703911201578425770e-04
1.105517737770951841e-03
4.559797450819748159e-04
8.314156958709051229e-04
1.403206669251898632e-03
4.425754064333127426e-04
1.043376840660633438e-04
8.202702544931225444e-04
2.374208022349072618e-04
3.063213990006436382e-04
8.373226458755152245e-04
1.610201879011353846e-03
4.363316673002538251e-05
2.858714841350964205e-04
5.299745872122901911e-04
1.631838136063617931e-04
9.682352666903095003e-04
3.036987844102193739e-04
1.363193525322720990e-04
8.565837662902769543e-04
8.604474111882001172e-06
1.698141743447066730e-03
6.219166344541388297e-05
9.803209828385633755e-04
5.481083721410241099e-04
9.293017729693201141e-05
7.301554967812105877e-04
1.773089008180980027e-04
1.394885649990001281e-03
1.415968538881168292e-03
1.264328413588830611e-04
3.814733083601404935e-04
7.776829848160558790e-04
6.708910207462231642e-04
3.893476227543589971e-04
2.754500992880182914e-04
6.000053036685756630e-04
1.202460080807936328e-03
1.080673795909750743e-03
7.471220520497978690e-04
1.014791619160653868e-03
6.619077006286265032e-04
6.022999485293533160e-05
5.509033975371864451e-05
1.244772935365743953e-03
5.217169203261104362e-04
4.603453250778376119e-04
3.069265525753421542e-04
4.989779544409233799e-04
1.187252101400619668e-04
1.358113087255876067e-04
2.146352482300878731e-04
7.247283532525057288e-05
6.082092303835723849e-05
2.863235873996399991e-04
5.338348146435208932e-04
2.211470918639846966e-04
4.699886612771384214e-04
1.144143406181933600e-03
6.814838117799325344e-04
1.336800438931741832e-03
6.647456024058540471e-04
3.491296112527346777e-04
1.888373952063835233e-05
3.372320903784765175e-03
1.013279228777872799e-04
7.952020781095550726e-05
1.012445672557923471e-03
6.177240767697748057e-05
6.292223687592198023e-04
3.306601286163449865e-04
1.226219830038593594e-04
2.338186336302057008e-05
6.256106376214096599e-05
3.690778592487171331e-03
9.518832209942457373e-04
1.018227404175728497e-03
4.880199863062449736e-04
3.337015531315029441e-05
8.220154980198876409e-04
1.861646690658304369e-05
3.902560255264116173e-04
1.248554781094902001e-04
3.572712743481827233e-04
2.282952897354618548e-03
4.087904756049827188e-04
7.904713762214893747e-05
4.706135523461373493e-04
1.271348828928490192e-04
5.020380287511545673e-04
1.477382170914775129e-04
3.442616439022217465e-04
1.058919508044747076e-03
1.299310400544426321e-04
5.599667992682724011e-04
3.509742688889106940e-04
4.887822744843627531e-04
6.984830422271118494e-04
4.393617874180593349e-06
1.961227424233367468e-03
6.590810530945015878e-05
1.825362598945032538e-03
9.297478288707650747e-04
7.875906695293039190e-05
1.330663897727560633e-03
4.727431779273268131e-04
6.070091850229809198e-04
4.449216823997899730e-04
5.209481053646475898e-04
1.113714675027718207e-03
8.712497068826322282e-05
4.118358634711493178e-06
2.894743248934389347e-04
1.005053313714448924e-04
8.024094119567868472e-04
7.984266762964185816e-04
9.554031940661726781e-05
7.794735357598399578e-04
2.196469962476542957e-04
2.251413124607962689e-04
1.217074550207843759e-03
6.207140522590493762e-04
2.347395047416506435e-03
3.912576724612840833e-05
5.209646547797255108e-04
2.941005099335965351e-04
6.592167989581366985e-06
6.976061471430705435e-04
2.139657836975528593e-04
2.760122704758153148e-04
3.937413413550822452e-04
2.886087214102556284e-04
5.011137824426375618e-04
1.013878556470029736e-03
7.444002721333722481e-04
6.960413911764151522e-04
6.242112254435610132e-04
1.516704443775991979e-05
3.999419755619147915e-04
1.075042013451526471e-04
1.110955223066177784e-03
1.023758604575748967e-04
2.427967476382469772e-04
6.693529228957501758e-04
3.511194447757134897e-04
2.693104519590609779e-04
1.899428926868851786e-04
5.749277681676845516e-04
1.502179442443043978e-04
1.561558920678372516e-03
1.263495110292561560e-05
1.334131526666245278e-06
9.014894110719140854e-05
7.416594336388830026e-05
7.133375097861859525e-05
4.122398156873228700e-04
3.366272954204679695e-04
6.947061453738230183e-04
9.279202844040858322e-04
1.444958648746678053e-04
1.350392570937510982e-03
7.285334179063443624e-04
3.787390981553880129e-04
4.915938901708158783e-04
1.618657358491853515e-03
9.067258708358160455e-04
3.565331198075403227e-04
3.164065846468117313e-06
2.012926803999408125e-04
2.402038070612243052e-04
3.555852759899132197e-04
1.313636435461211873e-04
8.237885205553421798e-05
7.233583238468622046e-05
1.677159391579818165e-03
1.190888327783209348e-04
6.751260514586949037e-04
8.059545839095277192e-04
4.463833667408143783e-04
3.586872882973044354e-05
1.589009700761760853e-04
8.916332937001312923e-05
1.998506648843424401e-04
1.388522936953174008e-03
2.827126169428805739e-03
3.067893654944000377e-05
2.779782981538805268e-03
3.361558075871302897e-04
1.791502645444939404e-04
5.626939979995588360e-05
6.584354707001206656e-04
3.390731019210228478e-04
1.650032980937458059e-04
1.600961340423100870e-03
7.317908279151597809e-04
3.148888046044547701e-04
4.621840489071570024e-04
3.858427437470433462e-05
5.403836913387696176e-05
9.209487035064460158e-04
5.888844719377589546e-05
5.487002171622264082e-04
1.485094788081345145e-03
2.166003107148322879e-04
1.327291864108339524e-05
3.505372756005582118e-04
4.300790273548897699e-04
1.579481214867244478e-04
2.917390075937189003e-04
4.260937451325887159e-04
1.869625558685317766e-04
1.352072458185946818e-03
1.572480613881831451e-03
4.269132201984910703e-04
2.001178693536224309e-05
9.652502118190917427e-04
2.835876315927379830e-04
5.177180694587712193e-04
2.116427352030581595e-04
1.186189749604493748e-03
1.061004128826060437e-03
3.346930059017821034e-05
1.046645929990572092e-03
8.046838396061680582e-04
5.783203371562230580e-05
5.353156044382666569e-04
5.447561625862596410e-04
2.840330887565971742e-04
4.455968248981601759e-04
4.658863720207596210e-04
3.825370841063755237e-04
1.731511618001182486e-05
8.489021064897167958e-04
1.420240696117137263e-04
9.651261995555451183e-04
8.834050311818812716e-04
1.835984452182316470e-03
2.464044972123864783e-04
2.330126691717827078e-04
6.997719744600109119e-04
7.670743000301685375e-04
8.736146003802094842e-05
2.542467972222087853e-04
6.174511864641796623e-05
8.037469400970123200e-04
3.079837440319488535e-04
5.365810453012384053e-04
1.416127885146870827e-04
6.762582594255138425e-04
1.254581029933028280e-04
3.793814106974428835e-04
5.889088619956858424e-04
7.542046095420870157e-04
1.953794950286469269e-04
8.378333267427639890e-05
8.433829209939312354e-04
3.162143796616524228e-04
5.309047947024281159e-04
2.109483880400657917e-04
2.777509264299957083e-04
6.919722268293831925e-04
7.844917823486097317e-05
5.637057979364138403e-04
5.453953140653533191e-04
2.422082630005191722e-04
4.993770777031496461e-05
6.300635428971392872e-04
1.067714772772772683e-04
6.177141045915104760e-04
2.742482778768738486e-04
1.737414270265511798e-04
3.305261166848050334e-04
1.567619467194041725e-06
7.519334429776699657e-05
9.902311854848655579e-05
2.965561054615132317e-04
2.181348327952263057e-03
5.132316298059281731e-04
2.163688652645633266e-03
3.281269181446303473e-04
3.152531563833564583e-05
2.411607748567125677e-04
5.655575245635350852e-05
2.159933630161841602e-04
5.007963595394114478e-04
8.044799263039081232e-04
4.557833692736289514e-04
8.595688724529171017e-05
1.102710082392760100e-05
9.062461393638098633e-05
8.082511845060831113e-04
1.066682884159483912e-03
1.082814818579036373e-04
6.886222823832312268e-04
8.178676795850241136e-04
5.008786763796887326e-05
5.609387630453443324e-04
1.693490238570065202e-04
1.089280326308724595e-03
4.195118547243024726e-04
4.483011661325233903e-04
7.332959607289379379e-04
5.361175834256775647e-05
7.404228750267384247e-05
2.964989595343614035e-05
8.973061595426452125e-04
1.003904658435878996e-04
4.744274852361979864e-04
1.057729044130627412e-03
8.896530332265726042e-05
4.966761641861235045e-04
8.942535653714972499e-04
3.282044336693295226e-04
4.257589617020255085e-04
2.090735520526016528e-05
1.366516784075995231e-03
3.660946790175610590e-04
1.767235061854858017e-04
4.210275242355887831e-04
2.537644388795392289e-04
1.012642048737773514e-04
2.723291576060733212e-05
1.131913890410305833e-03
2.466853745440654271e-04
2.542466449107175122e-05
3.525424350099822055e-04
1.524502632186525582e-05
2.119628567061828187e-03
2.117298855368655343e-04
4.673045673899527944e-05
2.427206547366736304e-04
2.184309739267962873e-04
1.363961203964200470e-03
6.129038361115074322e-04
9.706545996518217354e-05
1.599074383137632539e-04
4.148438115717549210e-04
2.771585534925758874e-04
8.609480677636142162e-04
6.743195143747082994e-06
1.679272260820226410e-03
4.927512634341340301e-04
1.691815469212101081e-04
1.881100885829250729e-05
6.737882200120591698e-04
5.637943814886333836e-04
5.681639561540484216e-05
4.669999555623902880e-04
1.304972094756472580e-04
8.539069410825687314e-04
3.516556480010130711e-05
3.309981720334977898e-04
5.480120326915479930e-04
1.422174984208989705e-03
1.753537781629550796e-04
1.233844851313835832e-03
3.726779640633746189e-04
4.666212666658233377e-04
7.188626926311119324e-05
4.195084224355371215e-05
3.057505774698340275e-04
3.040643767803290448e-04
1.865887216816970241e-04
5.773770581448517923e-05
4.844618504718041421e-04
3.010812385205535410e-04
5.035218611452277641e-04
7.465987204777564581e-04
7.905424340533457640e-04
3.249696383893869653e-04
5.430604615340712705e-06
3.215238286231183405e-05
3.002440279292896527e-04
1.579440286765985418e-05
2.680798718959886821e-04
8.214299402956060927e-05
1.506404901420223220e-03
6.538412778569181955e-04
1.400909100316656607e-04
2.184779225237984488e-03
3.512034821657913073e-04
2.668892798120446434e-03
3.381523065017869338e-04
1.497499392160883637e-03
1.632680613500348574e-04
9.849032978783808963e-04
1.740457078409022435e-04
2.608858044061914305e-04
1.716792986863090349e-03
1.110321089303369655e-03
7.295680045142769648e-04
5.815664632411911153e-04
2.114941009560587304e-04
2.303370295719958400e-04
3.334831155123397432e-04
5.844920488511079194e-05
1.801767865745644245e-04
1.223268534386496437e-03
6.463044319449950687e-04
3.713254346892461187e-04
1.730592890121320274e-04
2.083738793032228500e-04
1.734653253132311399e-04
4.875100862768606282e-04
1.369681117955200058e-04
1.591500179359556916e-04
1.779717011498600353e-04
7.810399892045326591e-05
3.476781271094765637e-04
3.288665653038084081e-04
1.173762607135458405e-04
4.535234334186941108e-04
1.227487987492589415e-03
3.348095608125267741e-03
7.970721987154755130e-05
7.208275920544371623e-05
2.536342886213123742e-04
6.287000006987352807e-04
3.750668706448033940e-04
7.860942114734348861e-04
1.398141291899751646e-04
1.175933399699237783e-03
2.020582693600043761e-04
1.739660831599049412e-04
5.202625068653214842e-04
1.642255474370855764e-03
8.362593385552645562e-04
1.014541830808406327e-03
7.195063177569442300e-05
9.212823251707123436e-04
9.744798504113930983e-04
1.864348555484762727e-04
1.172761303352947392e-03
3.532217184494210340e-05
5.125974744708364250e-05
2.178447393842584598e-04
3.809965425762949103e-04
2.147938906358449562e-04
1.349735029763015747e-03
7.530142748254111101e-04
1.825375814215591500e-04
7.417806410115234186e-04
1.732366382602826098e-03
2.322330625875435029e-04
7.417052506216051215e-04
6.273000403232983175e-04
5.268958642301855601e-04
2.730808311439252576e-04
8.407660070989163509e-04
8.069268358691523415e-04
5.803421398562231409e-04
1.919494954032202450e-05
1.785007819999803161e-05
4.503924788067791441e-04
4.267265388910180656e-04
9.383705144164111093e-05
1.021288995894808647e-04
3.727804828849599016e-04
3.145301338289443311e-04
1.312768362856889465e-03
1.655019161325835318e-04
2.587438148441353891e-04
4.723400646703436998e-04
8.012820444566752694e-04
2.563317787492787425e-05
8.666162336956252817e-05
1.703831377254365765e-04
3.734133590772683914e-05
1.903394357046468005e-03
1.490003851391283156e-04
2.299234715162147590e-04
1.147168530915899140e-04
1.018399701249285980e-03
5.622091726206168401e-04
8.237675100334934013e-04
1.444607294833992603e-04
8.257621460873076826e-04
9.246121497592864097e-05
5.232389017158603798e-04
1.292096600073725475e-03
8.989611279055567119e-05
1.251271760073672168e-03
1.385546311315729630e-04
2.454047039275065594e-05
1.338463858358347638e-04
1.216466147608483627e-03
6.685894100078291255e-05
4.644152837990128051e-04
9.598919343353417774e-04
7.448962451854124374e-04
3.668144632747038386e-04
5.060704797683045772e-04
1.501303624563651341e-04
8.929057401403271092e-04
4.591684538434863709e-04
1.377871565341297344e-04
6.161972866661312583e-05
6.361508170235808833e-05
2.708373517112471038e-04
2.086559817633793065e-04
1.566510475784320703e-03
6.084676729747422446e-04
2.474174030362235287e-04
2.135080123630499584e-04
3.728470089743300578e-04
2.176611862169222688e-04
7.217471850093123541e-04
4.409014189239690270e-04
5.774917454165705549e-04
1.662718681507633354e-04
2.800065438004037573e-04
3.953685715835416194e-04
3.929877196645488978e-04
6.932787751184391317e-04
6.344341250732523372e-04
2.820713813190274641e-04
1.745692734751423951e-04
6.118135676648441728e-04
5.734960242605184524e-04
8.180219129780021657e-04
1.630252143921619851e-03
2.667281164368566146e-04
1.709671768332473229e-04
1.541564335535819169e-04
3.850204615338324973e-04
3.317357166756860218e-04
3.707306695933382376e-04
9.767546578160117110e-05
9.097862396170505869e-04
2.272785413929017566e-04
9.320230261987058878e-04
7.031954038809857220e-04
3.673458339998826507e-04
2.958279558632050739e-04
4.077382472515478406e-04
7.553952629254325893e-06
4.733590291685101830e-04
1.124997387625896445e-04
3.994415062427566989e-04
1.143436436937896082e-03
7.086394247753490666e-04
5.830793380043509814e-05
1.300777331854712903e-03
1.673638384115055488e-04
6.633895582184821135e-05
1.324054019343679509e-03
4.814724229960428564e-04
4.177032148104046073e-04
2.042364118297776920e-04
5.090364436646829506e-05
5.362822485909518730e-04
2.527306226802700857e-04
4.482434140002514774e-04
5.659836275579384953e-04
2.231554119023309018e-04
3.224987031578496559e-04
5.091909736854659360e-05
9.097941530967798931e-05
1.916714282800746931e-03
4.888827866484349218e-04
8.237913188053850460e-05
4.294146710390283044e-04
1.132125529508753786e-03
6.543317020444620272e-04
1.181683219029407888e-03
3.348503485318839846e-05
6.981655337714971028e-04
2.545784180271156772e-04
4.001566569619411013e-04
4.499645866468651636e-04
1.734101152182982082e-04
2.314301632002645258e-04
1.679991842152677166e-04
1.254422113281368056e-03
4.348928322452699151e-04
2.876366459974196419e-04
1.054075404671353088e-04
2.179435966513647998e-04
6.777409302010973819e-04
7.822234491230094754e-04
2.503459119335627297e-03
9.341839925824157250e-05
2.247119665425445381e-04
3.556566083025623315e-04
8.805786594101134516e-04
5.579018792869942052e-04
3.101494583430518276e-05
9.714554836610198463e-04
1.027084572831995943e-04
8.340928271064214751e-04
1.172879868124879210e-03
2.949739326143487809e-04
9.627579407142700021e-04
1.217100708705388061e-04
8.213965797289474180e-04
1.259991524837986892e-03
1.533106130167018340e-04
1.910621414760664929e-04
4.961779945831054249e-04
5.719688242768194986e-04
8.608433434221410914e-05
2.300036753666005621e-04
1.492120793485919323e-03
1.290084873546285590e-03
2.701954302231833428e-04
5.331302678996299157e-05
1.509802685062059790e-03
1.325014175186322001e-04
2.816457607317691438e-03
1.411789303722727894e-04
1.386641293880486007e-04
2.347012519414764121e-03
3.637408042751104267e-03
2.083544098648971803e-04
4.291127979827630864e-04
3.308338543451206314e-04
5.221006331963379786e-04
4.922958991179198895e-04
2.758048608287066474e-04
1.834034388465904746e-05
9.287856320904005342e-04
5.136963526747614743e-04
4.874094203618951492e-04
3.370717000199139821e-04
5.656524010901101650e-04
1.892503541963917128e-03
5.431012146586842093e-04
4.246458486840988793e-04
7.313761876591754699e-05
3.390605664059888661e-04
2.064420038753508727e-04
2.279466388818419367e-04
2.673933987600127953e-04
3.665476391561732993e-04
6.336673852030198480e-04
7.863596811035672473e-04
8.107045347156262240e-05
8.130877577450936573e-04
7.259224222078248471e-04
1.529627484700588460e-03
2.521393299747051861e-04
1.292023999271454861e-03
1.373104146862358420e-03
3.569818243120457353e-04
1.630223258939531364e-03
2.706864688790085326e-05
1.921559381586806028e-04
9.095989860371002378e-04
3.797824942457882886e-04
1.458233315904476212e-04
5.753421020002007745e-04
9.874926133326136172e-04
6.730425234373369565e-05
2.537766653374277210e-04
2.279347831985285226e-04
5.472192915466566964e-05
4.471041807251217512e-04
1.426755471642601313e-03
2.153663783197462013e-04
3.397468062643839204e-05
1.916220635122631733e-03
3.653029078976642954e-04
6.005349073095684123e-04
7.086280485580793162e-04
2.370238511986564895e-03
8.670560772710102834e-05
3.999131364777810125e-04
6.320304303226687796e-04
1.258209386531373899e-03
8.078975867626137777e-04
7.443981755437846515e-04
3.050325549293235027e-03
2.337712426731805365e-04
3.435012347933795527e-05
7.436086994180431619e-05
1.052488582782179526e-04
2.912078290568255023e-03
9.306193784708785945e-04
4.524380979715481314e-04
8.546256757761038826e-05
4.643081534025661765e-04
4.409902290929873015e-04
4.003444922688933604e-04
1.541866231813702158e-03
4.349052482770693383e-04
7.122700760360600259e-04
1.968361381447135340e-04
8.552263667265006756e-04
4.368217079861836738e-04
1.268733043699757975e-03
1.345546145744088600e-04
2.432075644520064069e-04
6.412666085256433775e-05
1.567927630580955066e-03
6.401180067901625749e-04
8.761771361008374248e-05
8.360150405056343938e-04
5.620440817842250504e-04
3.422954293662528401e-04
2.576935851261886318e-04
2.273515014701694655e-04
3.361782742813333963e-04
1.359763590923264041e-04
2.344643877699467780e-04
6.218705818733153258e-04
3.740280014151000021e-05
8.597960586810221920e-04
1.284719338573837128e-04
6.859126872889877678e-04
1.546699124656377897e-04
2.075890114151772827e-04
8.358924421602113028e-04
5.094925586946951558e-05
3.401060696601863778e-04
3.177310121018656498e-04
5.735448864823976299e-04
9.046011348880801922e-04
1.996538558504090238e-05
4.694826958388831112e-04
1.963367526665022562e-04
6.367280274614772176e-05
1.243236094021946906e-04
5.696277285911431057e-04
9.263906483810046199e-04
2.322092077619724443e-03
1.962275287015452616e-04
5.266056805874006223e-05
1.507108930773498102e-04
5.277132385481307598e-04
4.417699664838171903e-04
3.238800361391894287e-04
1.708464034073630465e-05
9.694705950228213248e-04
2.818958530711931638e-04
1.676217563436598621e-04
5.643627297527405509e-04
2.829106837758949954e-04
3.694823559868330942e-05
6.352451642991579584e-05
7.544563386883249728e-05
5.325165465923133168e-04
1.222153242590885279e-04
2.833242472916251654e-04
9.085541540855667094e-05
7.255434697194226346e-05
6.212058988638496709e-04
8.440187085960142036e-04
4.435046496581588130e-04
3.545661967376753654e-04
1.059799767146108948e-03
3.725021383064231503e-04
1.082120050172125135e-03
2.302593737767584785e-03
1.379190733387603495e-04
1.561562644096704149e-04
7.358015041413062951e-04
2.686014949857526207e-04
6.103461579459560108e-04
3.942470022547774414e-04
2.762459298917121294e-04
1.593114963433126213e-04
3.217288273627416520e-04
8.661561589414049382e-05
3.041930114931073754e-04
1.481290714010808718e-03
4.057096290198205254e-04
2.597021802274951472e-04
6.006463446591026175e-04
6.904895306284090733e-05
5.985537801321429542e-04
1.392847456410337484e-03
6.797895554713849053e-05
9.173740571214711163e-05
8.482620635096786536e-05
2.616732491158947692e-04
1.312298806946064593e-03
3.158402957933458834e-04
7.048112488256490617e-04
2.998580605745459365e-04
6.727277806210156617e-04
5.529868884161607276e-04
1.079174569800397856e-03
2.527797151732929419e-04
1.968562507457729952e-04
2.602097486390499579e-05
2.116604274503012563e-03
4.227745308366236284e-04
5.399175923528521000e-04
3.966011709727928418e-04
2.350781963786377721e-04
1.723662613143008959e-04
7.995749939143881281e-05
4.664315223213815202e-04
1.844044690378979765e-04
1.062308869141816766e-03
1.069101669923720266e-03
4.851493706310732899e-05
1.052095899403137377e-04
1.223325771380182536e-03
7.893125907578787536e-05
8.102258241424009730e-05
2.075963415169256021e-04
1.374835199372931825e-03
1.860666472195488937e-05
3.538325479072929915e-04
5.877499288264346968e-05
4.924127476713072594e-04
6.573820283340114359e-05
1.007180806309398470e-03
7.347615761613001013e-04
5.313847644652950556e-05
1.840799088807732603e-03
4.871230069079540855e-04
2.667570022810285637e-04
6.530953797113649107e-05
1.305225409163589809e-04
2.866669702554097872e-03
4.378786489130226519e-04
3.081949684508266643e-04
5.875990633332999315e-04
2.869869338181544010e-04
4.518042834894933136e-04
3.546487269548836020e-04
3.629140615354563927e-05
4.171944362323060790e-03
3.144500570861383606e-04
3.605623116175753662e-06
5.012113934197218179e-05
5.327539156856995334e-04
1.614375608117249461e-04
1.412120425665668510e-04
3.356692635446589432e-04
2.694514356628080649e-03
2.139000242751674290e-04
1.095037094655759399e-04
1.143950121796952430e-03
1.850019571727229309e-04
1.279296696650691423e-03
3.488481389031969056e-04
1.579596331787084629e-04
5.318285767355770792e-04
7.174851399948936539e-05
2.291933799341176812e-04
3.604622908226429374e-05
1.673185673385249139e-04
1.217635056279558792e-04
3.824311814257736809e-04
1.675449692993837252e-04
1.534750713318741621e-03
7.704383548742489089e-05
3.796922722923661681e-04
5.747538206246933113e-04
1.187384614630929364e-03
1.302886431561381866e-05
1.333798918256105890e-03
6.722185523187022014e-04
3.979706186958869348e-04
6.458134608873500587e-04
3.625351826926708171e-04
9.308161364150611050e-05
7.978023831246721948e-04
2.199139532403111689e-04
1.703331183831780676e-04
1.112777110772926546e-03
1.098209278142063799e-04
1.265757993590305738e-04
1.014660334617758760e-03
3.814328662411539650e-04
5.116297839243776183e-05
1.161850798383814000e-03
1.278860453714903529e-04
5.036618843957489644e-05
4.900382889280007192e-05
3.574391954755038164e-05
1.228563091875017909e-04
1.514520678885256111e-04
3.017120265486692289e-04
9.067607447362001707e-05
9.161727578889946547e-04
2.135913914911447410e-04
4.452240189107968429e-04
1.111024418766866297e-04
4.664634215771449070e-04
1.687365916811976079e-03
2.645947871261522294e-04
3.150540834511320683e-04
3.823306673609741170e-06
3.949551823012683758e-04
1.265776552839675275e-04
1.221418066547814291e-03
5.610045497907177646e-04
3.881676428533231173e-04
6.465466158739396419e-04
1.352398677777821921e-04
4.414803164532366702e-04
3.173996957027083341e-04
3.944527557815695408e-04
9.286571169327175737e-04
1.451864315485488404e-03
3.103679001873693938e-04
5.214103023516009332e-04
1.165892436958034233e-04
3.839159588822013691e-04
5.923834443389067433e-04
4.312927375073002424e-04
1.374586064051298467e-05
7.611548206702486606e-04
4.858554074101473826e-04
5.439037976166698554e-04
3.156564599833235540e-04
5.106435511528455541e-04
7.612779313408541380e-04
3.598178561018772832e-04
4.068313861905501014e-04
1.008422191769099436e-03
1.981773743382933377e-03
3.950389970851634117e-04
3.797274924613314845e-05
4.002679522367465616e-05
1.139855811953040965e-04
1.159858094871923326e-04
5.475383065287107000e-04
5.393576126232928810e-04
6.024910510381832575e-04
2.590496899964673714e-04
7.831615413055231832e-04
1.351045307373730626e-04
8.741724091873338560e-04
3.337000334521440835e-04
2.993299373852778859e-04
5.414072133034846185e-04
1.038093714279069671e-04
9.989477265780724493e-05
7.366523837108508201e-04
3.625129907541402427e-04
9.695089381210846144e-04
8.922871677179849709e-05
3.364050849502198343e-04
2.343328097496263115e-04
3.027924458444213561e-04
1.934805005148270102e-04
1.196614259265565348e-04
1.094188117898378405e-03
4.031973666158726382e-04
6.609478314717726717e-04
3.387274695023380876e-03
2.838009225175649563e-04
7.421023296224061293e-05
8.701322455692625394e-04
7.897422581612325871e-04
6.465575766737379198e-04
2.362525634495120104e-04
6.447715839407278408e-04
1.186277919584126416e-03
2.403964155543250071e-04
3.465789662727721378e-04
1.320117888021807339e-03
9.916890014955782092e-04
4.373051297337804421e-04
8.366368240274910757e-04
6.805637794600515392e-04
1.829283018688627864e-04
1.103855382849383646e-03
3.564872930588047122e-04
5.586277121638636778e-05
3.748187330189800976e-05
9.241141688622510548e-05
4.909249623362268783e-04
4.489327659818776210e-04
2.317288144242765006e-04
5.132939816987262501e-05
2.000450850037468797e-05
1.425417678047784589e-04
1.688752965261658163e-04
8.517721605409243749e-05
3.257042365557354601e-04
2.045960670588408521e-04
7.480476188659920377e-05
1.722293928154643812e-04
9.407353923468625976e-05
3.724776126394093280e-04
1.179988595145000372e-04
2.528902309746520289e-04
8.749175858079314728e-04
7.155823985862361540e-04
8.446578717617642985e-04
9.151320177603600560e-04
1.466058470002932904e-04
7.629740286084049552e-04
4.554467195449450872e-04
7.506544444253466890e-04
1.083034508367507025e-03
1.088248417053519750e-03
2.932912227049310427e-04
2.208329938418326856e-05
6.263429407991394403e-04
4.289804772868955284e-04
8.828035669426933781e-05
3.781630555950452684e-04
7.513274185407114048e-04
4.953886618565216636e-04
1.503166064673099674e-04
4.515077763132974717e-04
1.476370926066121209e-03
1.609685137137895734e-04
5.487687555892449684e-04
4.307790160338481351e-04
3.390844390901982504e-04
5.245672957612334099e-04
1.206330953368323555e-03
7.495415492233749213e-05
5.460209671836200110e-04
2.353325071742606400e-04
3.105607126751257631e-04
1.408383021395445776e-03
5.566945706476459374e-04
7.890210581089833030e-05
1.129169516576516118e-03
2.978131622618354949e-04
1.368097236221884260e-04
2.266632352891265884e-03
6.836140529617740224e-05
2.279262755943737239e-04
2.121010360860661769e-04
3.908606328933485094e-05
6.691796281503351301e-04
6.221173479033615490e-04
2.374692314843179330e-04
4.010491423292605211e-05
8.638949914650097619e-05
3.469513824497931541e-04
1.150603685790001218e-03
1.300915806154387963e-04
3.765338624385515314e-04
5.467945076712155822e-04
7.373393624710495632e-05
4.485962872093969572e-05
8.285961115201180300e-04
5.554567715158544201e-04
4.399921751551473287e-04
1.548542875636986342e-04
5.040665547453332829e-04
2.600099897308139171e-04
8.737371616684520359e-04
3.833685693772646082e-04
4.969728438665501355e-04
2.325025247429276219e-04
5.149022650839185991e-05
7.780149807410800854e-04
7.011947830500225376e-04
4.203109022361136934e-04
1.913539535919577667e-04
3.346320583878775040e-04
7.085110513611562338e-05
1.294157586643044245e-03
6.533868583687811593e-04
1.725170671360472184e-05
1.143804997663197716e-03
1.702269015271397443e-04
4.741912666989640747e-04
2.080158156858326053e-04
1.971038971202049327e-05
5.600149601845261357e-04
1.710861053249174320e-03
5.397493324361319521e-05
1.999160185443867987e-03
1.319304628314222412e-04
1.038601550845924537e-03
5.521738063931102593e-04
3.346417868490791079e-04
2.237922612784647939e-03
1.837007389596125690e-04
3.719245101481714671e-04
7.518409041579954743e-04
1.716774762963315748e-04
9.812290614225217117e-04
1.262245547009574302e-03
4.262092442165790187e-04
1.301919923305853391e-04
1.010194527157763254e-03
8.468663641366105054e-05
7.126621421329199912e-04
1.416545325453227259e-03
1.554091836447900918e-04
3.028070565691661159e-04
8.579100364198463365e-04
1.591540712201237396e-04
6.207898194893616325e-04
2.031823447363767542e-04
1.088915897452771148e-03
4.071901816726721142e-04
2.699314773655776237e-04
9.285480039285872334e-04
3.236190741097338453e-04
8.939848157767762201e-04
2.441547104867143229e-05
2.662599738748252652e-04
3.117743457894518277e-04
1.441623211833317330e-03
4.384271653808619680e-04
3.923736232716443706e-04
9.026597678985581817e-05
1.801323229889120468e-05
2.184228687149647268e-04
9.190360828790746167e-04
2.739944400909248090e-04
1.240187218620794607e-04
3.050196465292783171e-04
1.057656977379886577e-03
1.806026345839242299e-03
1.421889780794371397e-03
1.113420964618357036e-04
1.838870129720505432e-03
2.623240879343007145e-04
1.007676647084684981e-03
2.562557240094567222e-05
1.762259564055249409e-04
1.003786242248639769e-03
1.998536354454458273e-04
1.638850515414299041e-04
1.677794024332231193e-04
1.371306670852557783e-04
3.284608256506968285e-04
1.936634710949246751e-03
8.992412926677579264e-04
7.160541663915484739e-04
2.387111345257173804e-05
3.310697619179349101e-04
9.170849283394145405e-04
2.628975504275041404e-04
1.219661958796273635e-03
1.994455182174373581e-04
2.584839111680681863e-04
3.797393755031435846e-04
7.915501474036975606e-04
4.086289329764095264e-04
1.550028465899122999e-04
7.321962752661779691e-04
1.505631110106670639e-04
8.093999475194989853e-04
1.161374093640079805e-03
1.474652000305411636e-03
3.754606099260662501e-05
1.119449977374637313e-04
9.144023624355270702e-05
3.324074763497276790e-04
1.046431497215041773e-04
8.514359592594330584e-04
9.101201185582807537e-04
7.663303860561921309e-05
2.761982107417577991e-05
1.020642605928069909e-05
1.987983761755639497e-06
9.119040806263239247e-04
2.392309068441055356e-03
1.637401806657699539e-03
2.044445947365359487e-04
9.899766266430957539e-04
2.138954401964290560e-04
9.242120129063891671e-05
1.926391726781594876e-04
2.973114736194763363e-03
1.015015516561400830e-03
2.135874952460382978e-04
6.702404792375003849e-04
6.425274781705533336e-04
3.146375820171972847e-04
3.430746378312546797e-04
7.072761462282393247e-04
1.632422819965063531e-04
2.521098295675906547e-04
5.223154674310099979e-04
1.469112499771899494e-03
5.494030860717102294e-06
1.001028123617251145e-03
8.954027018556195245e-04
5.128069869195015082e-04
9.265497584948162262e-05
2.080381393044162446e-04
7.733587274306247738e-04
1.363750447074109720e-04
1.536172508767763524e-03
2.906637363424142669e-04
9.519717283775896034e-04
1.562126335439695929e-04
2.422763113152895018e-04
8.855604407313004051e-06
2.978607946674189429e-04
5.175033371309229998e-04
1.206862859574256994e-03
5.624994847875388303e-04
1.222980345598729352e-04
1.473923312235953052e-04
4.264305698428526954e-04
8.842856979452193679e-05
1.535199061160566307e-03
2.624467924567988044e-04
4.592210385097697544e-04
6.675327719197594271e-04
3.473132707881142894e-04
3.502656179266606809e-04
1.172273495068031210e-03
5.638876407399914737e-06
3.367083864562982394e-04
1.825007291118223946e-04
1.732244693151858148e-04
2.422092898253605812e-04
3.183274517269111159e-04
2.547758872139145852e-04
1.940515243361487887e-04
8.362279853584726199e-05
2.756131410905777708e-04
5.375720477100907023e-04
7.528683763754044373e-04
7.363440029540733968e-04
4.777633929127014789e-04
5.093504096268458510e-05
5.054984523287170753e-04
3.014952721366597637e-04
7.073251229326664555e-05
1.275626899257971012e-03
1.294196560551670681e-03
3.368623479986294260e-04
3.371470547163625065e-04
1.099243923287222249e-03
6.940824927314517227e-04
3.989725468054113760e-04
8.669927689386211327e-04
2.342815815135898603e-04
4.691126322884052718e-04
2.896019825630899804e-04
1.102943605048839319e-04
4.213447176916691522e-04
6.541990993248874555e-04
4.843209920568443318e-04
4.349728570016477567e-04
9.381287884252668193e-05
5.666706280840934362e-04
3.632838968970326606e-04
4.778435482713384169e-04
1.208947958595643656e-04
6.025234014438475018e-05
3.232104380817756527e-04
7.770125541675961369e-04
3.496640467264518280e-06
2.066462426497503359e-03
1.080871810134102041e-04
1.696575984181801673e-03
2.175039537733205975e-04
6.248049266872611777e-04
1.287625279440449654e-04
2.950976434825470563e-04
1.874086448070268294e-04
3.434008806648139130e-04
2.200521569691047199e-04
2.374295077084695243e-04
8.283078027250955107e-04
1.468078826998375427e-03
8.123926743428841826e-05
1.446283277278687020e-03
1.550615007254166810e-04
3.976924987851840538e-04
3.019241833148740301e-03
1.447369488970848403e-04
1.578683003284818594e-03
8.635814587354637500e-06
3.112127720953623638e-04
7.198321727519676810e-05
7.891661012943558236e-05
4.393612623186065442e-04
6.416217060995426475e-04
4.170650354558069024e-04
1.569586559831966739e-04
1.448137307497624154e-04
6.257232780895699391e-04
9.608551477486390222e-05
5.615124983360414998e-04
2.106811800963199620e-05
9.436784872891049950e-04
4.107194715489029886e-04
7.738952069599584239e-04
4.579641325677322313e-04
3.265649752124234555e-04
1.115056505509683061e-03
8.091091488100083913e-04
1.694812892874382254e-03
3.994826728219298922e-04
4.560711559149625859e-04
6.757013802224378588e-04
6.166447535350062705e-04
2.498829158148858313e-04
1.663681238292453665e-03
1.198808152345725219e-03
3.542116311715260964e-05
3.232030353386879784e-05
2.803930342372812335e-04
3.429079430041105507e-04
6.224947909461016034e-04
1.041319629049235413e-03
8.791103241085869782e-04
1.758438968102587420e-05
4.903994856970419846e-05
4.634319120197200959e-04
1.900183951197439124e-04
8.271913990810143445e-04
1.981698303382131611e-06
1.246199097528612925e-03
1.720168982252335459e-04
1.436417716197877750e-04
4.289922574825792728e-05
1.177121086982197643e-03
2.227926607879991651e-04
1.830364808685893329e-04
2.398420100256420039e-04
1.689812446125323379e-04
4.572541958006235818e-04
2.704744138460228662e-04
8.485995226583105226e-04
3.487893286570415205e-05
1.114387684653862136e-03
4.275423349553623769e-05
1.065448392485423808e-03
1.970443428344440808e-04
7.473942605614197375e-04
1.510392258406641512e-03
5.394562932456409927e-04
5.708911162628649153e-04
5.867314092951154362e-04
4.893526936224014585e-05
2.161098970068807206e-04
5.777306205911860110e-04
7.799630901290457736e-04
7.537203371245068456e-04
1.466218203241081660e-04
2.582313291757043147e-04
2.135866923451668585e-04
1.002678525762730022e-04
1.132566196881817379e-04
3.743562655525614451e-04
6.329012384363026612e-04
3.367283156639260070e-05
1.155879072978520427e-03
1.145230756082720450e-04
1.696557791072920290e-04
4.548443260196427442e-04
4.074778565652154060e-04
3.047833808195170302e-03
1.335136629099798302e-03
3.949748327383197912e-04
6.817919760917068425e-05
1.384201252699065283e-04
8.565972842391394526e-04
1.297169289087994517e-04
3.286559871427580147e-04
5.673475845018908993e-05
5.033184909613758239e-04
8.594789827230074890e-05
8.601150800146477402e-05
6.006356558900536929e-05
6.414941550407220628e-04
9.619419335858187640e-06
2.154577232418344846e-04
2.454692589990373360e-04
5.500902590766163208e-04
7.375291190301902240e-04
1.225686916994360139e-03
5.371600317804890072e-04
8.248821331908093280e-05
7.257077804864438351e-04
6.330860714622590056e-04
6.306622718886792552e-04
8.307083872523386920e-04
5.513186160534812817e-05
5.419976255823252083e-04
3.770957541115561667e-04
7.176245477266708075e-04
4.300162594270368435e-04
8.420358215607584270e-04
1.156733741370696752e-04
3.379625321300380866e-04
1.791239070114796210e-04
5.752716637782247970e-04
3.042987522547943645e-04
8.463017607416366099e-04
8.020500937828840262e-04
6.181840807878597214e-04
2.115813703501264538e-04
2.370391363722368860e-04
1.502470571336527621e-04
1.162815338280381340e-03
1.362097430394383158e-03
3.201717260443537154e-05
1.439274569770544699e-04
5.456372087932493667e-04
2.689458218488491553e-04
7.584135670312267593e-04
1.236012762566563155e-03
8.709136175216545129e-05
1.174693488830954918e-04
2.611445143904984499e-04
4.751545077384862221e-04
4.262700557993037319e-04
4.153329008276316465e-04
4.650288079137090578e-05
2.668722590542053625e-04
4.354847230978824135e-05
9.805682993595306752e-04
1.367559777654548791e-04
1.581964987522791290e-04
2.308044528812007565e-04
4.285813833440369424e-05
2.152937980007893362e-04
1.280940996477231619e-04
1.241633764654728061e-04
4.439063594865715208e-04
3.278879659855130557e-04
4.859464828696650010e-04
3.515061654048659296e-03
1.433750777775061173e-04
6.984500021053704393e-04
5.181810286137032489e-04
9.826639987582915046e-04
7.063017882196282382e-04
3.353666110697011067e-05
2.705740066565710073e-04
9.931003060833108395e-04
7.594459708598564609e-04
2.791070231991088559e-05
4.368459000399876305e-04
3.369222208532794824e-04
3.583862034662555970e-04
9.028840029888109782e-04
1.863157383585340029e-04
2.936795284399969794e-05
8.824175853753043325e-05
1.241663576041320384e-03
4.066404658628624430e-04
5.693549838144929768e-04
6.527641747083921895e-04
5.807802350901795614e-04
1.662365025965672550e-04
3.220183054235830505e-04
2.973959194659357838e-04
2.987538596795760791e-04
2.122757831607037916e-04
1.088036352595926458e-04
2.154592772850757445e-04
5.925140512221478738e-04
2.685949574520868897e-04
1.789524390564065917e-04
5.541916630129090673e-05
1.603876861030250961e-03
2.249894551914963497e-03
2.630537841134995163e-04
5.124454372422510224e-04
8.474458537916772791e-04
1.540021297675513124e-04
1.946401755692456692e-03
1.868014975696040110e-04
4.629943202140568144e-04
4.226236322219860354e-04
1.634433680828579301e-03
1.123206206313491105e-03
3.242034280952414520e-04
3.156675704994920469e-04
1.158474015588669076e-03
1.969734448955601634e-05
4.509176668090961724e-04
1.169597014286437569e-03
5.346973206233144585e-04
5.165014602138746523e-04
1.063388060704955322e-04
7.663510589130716547e-04
5.607476926078185401e-04
1.815360789237780944e-04
1.844827959996623158e-04
8.938354946844819318e-05
4.911359976011973622e-04
6.149336016848630819e-04
5.485003907903318674e-05
4.227582953412330983e-04
1.209043319310566626e-03
2.190433919280645027e-04
2.555492742517397015e-05
8.331517343587562787e-04
1.057792571699103746e-03
3.543044818252821804e-03
1.884472854788667899e-04
1.198253204600789254e-03
3.674223324082725724e-04
7.502508207112830267e-05
2.015038379361997072e-05
2.381780406587036129e-04
1.238277808173123343e-03
5.676768915452227429e-05
5.401879291245274074e-05
2.103900236290791382e-05
1.254897796535677087e-03
1.372042282074146179e-04
6.346769049466900454e-05
7.092444677709704376e-04
5.748178130696632825e-04
3.280102420943389592e-05
8.496188528869556226e-04
6.122425806557674467e-06
4.771433202091094131e-04
1.702109313251426212e-05
4.595000224931433631e-04
1.951757457704939036e-04
3.369155590113437479e-04
2.684932411032670690e-03
5.732570626684535195e-04
5.763618098470752035e-04
1.095258036124716983e-04
9.839893189012411355e-04
3.244882662816338421e-04
4.957156769064460225e-04
5.422234809502096600e-04
1.331468015344666658e-03
1.222422812092133584e-04
1.264357674623206714e-03
1.420118356470082997e-03
3.860784620884953285e-04
1.644747100776297632e-04
2.660477739688702175e-05
1.010950271220711514e-03
4.026736935864577292e-04
3.410664736348870650e-04
1.239943240612817509e-03
1.405035188343388745e-04
1.539563898252071226e-04
1.373713840352445330e-04
1.914415039133599992e-04
6.922266607683848823e-04
8.417071834782481621e-05
3.051155718102975252e-04
7.303660301287396520e-05
1.197948245448486951e-03
3.673901317730023856e-04
1.134835442388980754e-03
2.860993768332844114e-04
5.236990844380989569e-04
1.342992144190379138e-03
1.612669785603446234e-04
3.901454571036898052e-04
5.560091664348787866e-04
3.315353295663871365e-04
4.867340574987999977e-04
1.197956670663284694e-03
8.288739021259812208e-05
2.346872251114413398e-05
3.411911791421147133e-08
2.196876093351217765e-03
1.352293508256901156e-04
1.458903285958560976e-03
1.751608811537960731e-03
1.520682965696641394e-04
6.110230095545051440e-05
1.915042417738448900e-05
8.590328472434141226e-04
