3.295112905750156168e-02
6.702974280163619299e-03
2.693080230766852629e-02
4.755648920989700990e-02
4.613406003242428695e-04
4.257367328673331355e-03
4.083109181608614996e-02
7.010229273880357048e-02
2.795212731326503566e-02
4.363723195516229503e-02
2.808636962348799813e-03
2.058143859956800339e-02
1.943471516058993195e-02
3.141660598009130001e-02
6.404538707411883136e-02
5.534913382816695343e-02
8.192044968845182962e-02
1.345855410351788975e-02
1.304943551743501830e-02
2.138618193212021845e-02
2.018996180095380781e-03
3.623481040920164403e-02
3.496970459032656964e-02
1.946684765177155926e-02
4.027667739380533934e-02
1.223343691287141592e-02
2.018084534310903358e-02
3.103824958982978350e-03
1.353675294810471191e-02
1.105872005825465389e-02
2.616636376443988096e-02
1.170195795995927768e-02
8.773947329467539011e-03
1.410040228316392606e-02
1.217853608104829330e-02
1.275875161178859594e-02
2.090605174208183537e-02
7.236454579055619230e-02
3.135441537017277531e-03
