7.864648433638815085e-04
4.201399201225105022e-05
2.361204327278805965e-05
2.578587748853886801e-04
5.671644109713221788e-04
6.463339612064790960e-05
2.582869842515255851e-05
4.068511920896500790e-04
2.246976591966843195e-04
2.104784397282197109e-04
9.672496591279233519e-04
7.364742796892683916e-05
1.019707270999533164e-05
1.168478576493266240e-03
9.212464698689903366e-05
4.959973198546956553e-04
4.270266742639194381e-04
9.289961908438998676e-05
3.153705003510549383e-05
2.052643699761273765e-04
4.775656497048869488e-04
2.814074763748173171e-04
2.784567366474647598e-05
7.294719082469660080e-04
3.503891415948755229e-04
5.505888869552216108e-05
3.628250023048884272e-05
3.842180811260673167e-04
1.034938041995890899e-04
3.714333605463718442e-04
3.174437762281788827e-06
1.012926122241479023e-04
4.328001700126238283e-04
3.293282408867073251e-04
2.030745666660946640e-04
1.081911944928023376e-04
3.175472401000058094e-05
5.776653683797306838e-04
1.109378603900391475e-04
1.117089930370056749e-04
1.543614636967560088e-04
4.788478842313139468e-04
2.083320216151939388e-04
6.879961906417159188e-05
5.544226258361386077e-04
2.171325581324926298e-05
9.871077514362685222e-05
1.900957702160807627e-04
1.258540140947842639e-04
9.235950331544584091e-05
2.439674810277599865e-04
5.441652042114112275e-04
2.143703587111440631e-04
1.149070033537931744e-05
8.631501886847323362e-05
3.507206880828486772e-04
3.231782534461216487e-04
1.042007940195284027e-04
3.198310047170734873e-04
5.378457285170191153e-05
1.585286463240668413e-05
3.509117760821661713e-04
1.542946885166776691e-05
8.486014292089312430e-04
1.221713733887724168e-03
5.542883818168928978e-05
7.159955319300106774e-05
3.748019986682891834e-05
4.896198030184537638e-04
2.010815804205266452e-04
3.500963978700417396e-05
2.286431623873613154e-04
2.737833892352986987e-06
1.492244250754101666e-04
3.003296609292357153e-04
2.961502976395299409e-05
1.167670861457303488e-03
9.617487287324132886e-04
1.903987225643320925e-06
2.918547121292752820e-04
3.101611787220253389e-04
2.070008213481993773e-04
1.349133841485388125e-04
2.606271930137228873e-05
9.729703134154685761e-05
5.166500793652414652e-05
2.605946710473515892e-04
4.911408064129911153e-04
4.274729531776270269e-04
5.840566377648964561e-05
2.095907432211297991e-04
5.222876056718242402e-05
5.344260364525210780e-04
2.176043829976677591e-05
3.063516337912306603e-04
1.000556888635905847e-03
4.437529680727215976e-04
8.202308061450809453e-05
1.104596501314252073e-05
7.047875908161241191e-05
3.893726018423415052e-04
1.317297241633335453e-04
3.369810708319719657e-05
2.217776220171069172e-04
3.526668894423679436e-05
1.025712262013718062e-04
1.487045321317095642e-05
5.964633058804519198e-04
1.418477928780552703e-04
2.330298034615858318e-04
1.014563429284323167e-05
2.545365504147792152e-04
2.993066684211219972e-04
3.436868316967399634e-04
4.791619499620172816e-04
2.257804652173878027e-04
2.233965341124626459e-04
8.705179862371185701e-05
1.400240530158688892e-04
2.183290071760267436e-04
9.573634898932995398e-05
3.446961410821830669e-04
1.376418544859155969e-04
7.750636435503582359e-06
1.228933137003655198e-04
3.247328187848319211e-04
8.811795208172199727e-05
3.524515287399896616e-04
2.277980687882234930e-05
6.122786742077020996e-04
1.514721892517801975e-04
8.727889537782649101e-04
8.908259603861884998e-05
3.059324177133701029e-04
1.840675614415643259e-04
3.367909568283255481e-05
1.484096012292265149e-04
2.670412337777003028e-04
8.667915333808906726e-05
5.508820743566337401e-04
4.086336692408488167e-04
2.006305394734151672e-04
4.712402307448732355e-04
7.120242798610549966e-05
2.791557354463462446e-04
4.758535110487489860e-04
2.538136966102345340e-04
4.917372307503559549e-06
2.971204561209869017e-04
2.799525604516115850e-04
2.835023612355328437e-04
4.884531809585305432e-05
2.385718456468136994e-04
6.077814259967366387e-04
1.146962234411511619e-04
1.573949455302628008e-04
2.222664197697982560e-04
2.273230969091257761e-04
1.275951163025151316e-04
9.320986976338835426e-05
2.562111820469868640e-04
2.732633126951701475e-04
8.516573895558456379e-05
1.206650834372822003e-03
1.649949241460014636e-04
4.252093378006033134e-04
6.757144521387177169e-05
9.149131080043276494e-04
5.140258034506001985e-04
1.636470398887466030e-04
2.579368027392754475e-04
1.679708179423964102e-04
9.426323964391568897e-05
6.080702233273161371e-05
2.788415086771368120e-04
1.972447257253467446e-04
3.806887772649458312e-04
1.190368762739432349e-04
2.957448359603076564e-05
8.648730300990470051e-04
1.525902074505663698e-05
4.693739052977416990e-05
9.976658785359690862e-07
6.385744419187452112e-05
5.651864177372537164e-04
5.841567066584760916e-06
9.751136847426773540e-05
2.597837084284576907e-04
5.659629006783518061e-05
1.482237699077615442e-05
2.058591464875686797e-04
6.909235119650665577e-04
8.924716777255125108e-06
3.622076061355113813e-04
2.046061344194537569e-04
8.143353821538169618e-04
2.008947421028475073e-04
1.024500010594471907e-04
3.793290304647096121e-04
5.086438415322713054e-04
4.279176438919444857e-05
2.056618773424208216e-04
3.285029380260844805e-04
2.845020137069545789e-04
3.668092534108148518e-04
3.227712567772648869e-04
1.357396699447758798e-04
1.085513920076419079e-04
1.235207379485573330e-04
1.024978869222274789e-04
1.515050754668757977e-04
2.057898282519210996e-04
1.813998427487677461e-04
4.418711669879866284e-04
2.776199619145305582e-04
3.182020023714921225e-04
1.825021183852799272e-04
3.211628236822192589e-05
1.256644243949609277e-04
4.050529771704033336e-04
4.413121624771120248e-04
1.747468368026807068e-04
4.021217013612986903e-05
2.103322222785156126e-04
7.989799428924154127e-05
3.763578593687751041e-04
5.521013327034167694e-05
1.697710734730183439e-04
2.126905981249053765e-05
2.246779691233771466e-04
4.581418746257889113e-04
4.523161481637298989e-04
1.488811160127168618e-04
1.792187443317728979e-04
7.575012732361622084e-05
3.141268767605730997e-05
3.473656542845516464e-04
1.221833934056019070e-05
3.155466748249706607e-05
3.046067760433820797e-04
3.747967905119876643e-05
5.998671510245152895e-04
1.005794306410074464e-05
5.666847186737594981e-05
4.716247180257839814e-04
2.807173499042363795e-04
6.539716662443253786e-04
2.173038960728173902e-04
3.839963723361614425e-05
2.631583886024317989e-04
6.825903095129437666e-04
7.817478789700266001e-05
1.591724454532484657e-04
1.090064359207231848e-03
3.494811532130237671e-04
6.022638342144118672e-04
2.210595020588957717e-04
1.098753972235823155e-04
3.818661584094708224e-05
5.162606173208091022e-04
5.083912342227796450e-05
5.522206437845460399e-04
1.488729591817576278e-04
3.688458530663395966e-04
1.899626017429499917e-04
8.830700043330991602e-05
7.977565894835439246e-05
7.122110843692618229e-04
1.527467245385281231e-04
6.030972692504925911e-04
6.365773909948817223e-05
7.401584034350336275e-04
3.060977603932340217e-04
3.120961987279479853e-04
1.800248546110802636e-04
7.321264845491659719e-05
2.125114752402676292e-04
1.061157786737260914e-03
9.310862111235225502e-05
5.927577853076754048e-04
8.217165488904314835e-04
1.025311997874482368e-03
1.111413879739170840e-04
6.381608730246457689e-04
5.979809114874499066e-05
4.199290136299488243e-04
1.859146324723841265e-05
7.109027010476038841e-04
2.088173726295754196e-04
8.219974574584462429e-05
3.981565420932167655e-04
1.300330712673400044e-04
3.472582379449166740e-04
1.830721322369480066e-04
5.146566914376800609e-04
5.240561371868521136e-04
5.258794415743565454e-04
9.799532171847274379e-05
2.407366254721597903e-04
3.928582883014440229e-04
4.141727621792834772e-04
3.512652340732386213e-04
4.592498989356617417e-05
4.334688712606150907e-05
1.083567917584878510e-04
1.299851001202287490e-03
1.188896333123975937e-04
8.301651386907120227e-04
3.241699260935751778e-05
3.190469923940538908e-04
1.687611793439506528e-04
2.737358000350286163e-04
1.370168508263122946e-04
3.566066299437307990e-05
4.395725461529177437e-05
5.031632299137961655e-04
1.960832031703634265e-05
1.368463790118497206e-04
7.905078320000553027e-04
6.829095806687389934e-04
1.838726758833759500e-04
1.111438494524130216e-04
9.858917954761900495e-06
3.268337632784550952e-04
4.152621246389027240e-04
2.658806369860878681e-04
2.720028759365383927e-04
4.687467007678932317e-04
9.183880216237308989e-05
2.637621906116810748e-04
1.096274655087233374e-04
3.248966099129337710e-05
6.224340194168110924e-04
1.944642046395446899e-05
2.385396224493592412e-04
6.483321000232119072e-05
1.844073436185681542e-04
3.365884510045630382e-04
1.096097878560721710e-04
1.449793880399327553e-04
3.963712168057139697e-04
4.382415906285904767e-05
5.514023392068432682e-04
3.327445034024442526e-05
1.715051573831499884e-04
6.078098377918967374e-05
1.605867549755505251e-04
6.862142195262879490e-05
3.111069455406055692e-04
2.752205916962594369e-04
3.018157866574033713e-04
2.437353824916820141e-04
1.423309165694375744e-03
2.635893240107300300e-04
1.185656849648932231e-04
7.760586294584735602e-04
1.938646457641894763e-05
1.232157607623109543e-04
7.570453084141957932e-04
7.934766434814317579e-04
1.669920766635712327e-05
1.966014482767969459e-04
2.344760914722230619e-04
2.098816382785654368e-05
3.029226474090505341e-04
9.291732504027414724e-06
4.965679393142448931e-05
3.366300488290232976e-05
2.606644555416252245e-04
1.396657390564027382e-05
2.222040000913897751e-04
3.385760449934750293e-04
7.910952402673250658e-05
2.019382685517782852e-04
2.539496136702760034e-04
6.706594766502483413e-04
2.122369134255158675e-04
4.139594052643398938e-05
5.473148397493743378e-04
1.199745915347739635e-04
3.533627666005459255e-06
2.904449267927200961e-04
7.166477243001343530e-05
7.714952388707298084e-04
6.547481171142460082e-05
8.209278809224276104e-04
3.721145612203708981e-04
3.203351030046323183e-04
1.493882117434109454e-04
3.144796232626907479e-04
1.737467688006814144e-04
3.633730173759676017e-06
1.008615931749187250e-04
2.581618203425462498e-05
5.605254623762336323e-04
8.390920493456142601e-05
1.280815339929286740e-04
1.212615848653972593e-04
1.174480935028075247e-03
5.683493299501753251e-05
4.541844501205509130e-04
1.355699254624163257e-04
3.858566637277991351e-04
7.716152676838347244e-06
4.395008813715429048e-05
1.065650071847911535e-04
4.401262796034619592e-04
1.791515554375386885e-04
3.215742214205995013e-04
3.745886200217043061e-04
5.055058001454748942e-04
2.585192596643199085e-04
7.508514782106028148e-04
7.531746579151073315e-05
2.300572256758471197e-05
4.638858706474097799e-04
1.194205719685101304e-04
7.843731103981281050e-05
7.070329123969835029e-05
2.743023771454974262e-04
4.484835878788431216e-05
7.656767896388946555e-05
1.771215267911484910e-04
1.840728119227493789e-05
1.404203255349322226e-04
1.868510694638774979e-04
1.679517377783579701e-04
4.673998886086669705e-04
1.442659168971462126e-05
3.868136205618271967e-04
2.163389852952056415e-05
1.233909781838732692e-03
1.345049036279466102e-04
5.932032515464684885e-04
1.312711482087895254e-03
2.601390760341236256e-06
1.748206236286527866e-03
5.168761990274232205e-04
1.269522623363933747e-03
7.449734388809428566e-05
1.820690352464639315e-04
2.881993428754409808e-04
1.099607581894032935e-04
1.698862520004617096e-04
1.324348170136148563e-05
4.943289121881345310e-04
5.635190358705950784e-04
5.500796853470926517e-05
9.884169758611072718e-05
8.575899896440781849e-05
7.229134475584654932e-06
1.190733497465655744e-04
4.061536797637485172e-04
2.690205521644492234e-04
1.910420599253687628e-05
1.069403473168039492e-03
1.287463074372950807e-04
2.641844263461798673e-04
2.374128331723947337e-04
7.465942352196546818e-04
8.533579256650348664e-04
3.557122126299292874e-04
1.521955744383617646e-03
9.574737566911847809e-04
2.272482091082860694e-04
7.412502619502242540e-04
5.580511838691116144e-04
8.266696195764496708e-05
9.193424438930582101e-05
2.476405804286218129e-04
4.950313194750789743e-06
7.651213195845750666e-04
1.914096562706590015e-05
5.326253351086290009e-04
3.219698892918352868e-04
3.977225275798766343e-04
2.066503588774537775e-04
1.949050971302323696e-04
6.660973388576824897e-05
3.647887783664144042e-04
2.202714838560305109e-04
6.674420694050617732e-06
7.615355170355249617e-06
1.610391531038466589e-04
2.405195962641223516e-04
9.655605669688545605e-05
1.950489528298908547e-04
4.667634786781976416e-04
6.058480429761641623e-04
4.260712758548135134e-05
1.508682111879074323e-04
3.197674459954564981e-05
8.623909852677262263e-04
1.515044268768590613e-04
1.076884698186915493e-04
1.447067473457936283e-04
1.101485648086836450e-05
3.994288568103075026e-04
8.656560402757953608e-05
7.629788847671208811e-05
2.029453523128750298e-04
1.030363860511478575e-04
3.988660324032049286e-05
7.805150335069851271e-04
6.626324739833416378e-04
9.095848287576264199e-06
5.049794925393125898e-05
3.623430117510901150e-04
2.055849098963038394e-04
1.161454963439284010e-05
6.051671224026843304e-05
2.902278686299191845e-04
7.822524781154219188e-05
1.087724084184366654e-04
4.819851250606280732e-04
5.953706628952602905e-04
1.564180711530828820e-05
8.814140544490420238e-04
1.208955658313486814e-04
1.650789019086505881e-05
8.487502926944255849e-05
5.178399093647408167e-04
1.002866857371193589e-04
1.507409568402676733e-04
2.667197261896093194e-04
4.065571684196502868e-04
1.448902368040785063e-05
4.229861977065708738e-04
1.200184176305587588e-04
3.453623864270267073e-04
7.038604691153771051e-05
1.021226138688463082e-04
1.768464898563536485e-04
4.462859783755050561e-04
3.367401671930937116e-04
7.473137743313385971e-05
5.799480185261326115e-04
5.808288456124397874e-05
2.498955664507921206e-04
1.503865346254827119e-04
4.274390603533090457e-04
7.596044406291232358e-04
9.960137170002165703e-05
1.471119230172521295e-04
2.074324707375884108e-04
1.966578487121940679e-04
3.613769690741507903e-04
6.302029712634555757e-04
6.914583444461825604e-04
2.216613557417778367e-04
1.151003035826687616e-04
2.806622759584734023e-04
4.424182752004230832e-04
4.420608489927873468e-04
1.494311277129033221e-04
1.097656665353821757e-04
9.914266603517620999e-04
2.905759301681496462e-04
1.423167954813120038e-04
3.171998120039191108e-05
9.657142090003485800e-05
1.982050770914762188e-05
3.234528303142835347e-04
6.707821672569506694e-04
2.550629885979058676e-04
1.275532140857615120e-05
1.870210791609843402e-03
3.658143799510755708e-06
4.095949564577328885e-04
1.280138213154760980e-05
6.428723237808296558e-05
1.281990821431428082e-03
7.351244962764831559e-05
7.447775454539488959e-04
9.325344716235954557e-05
1.271073626209493282e-04
2.036087761056830196e-03
7.063929138598062105e-04
1.276137636276422185e-05
2.011206034433543665e-04
1.875426381854258389e-05
9.525768601035435718e-05
3.596579783510850305e-04
1.767878520194442009e-04
3.212950476049002119e-05
4.535905760977259195e-04
3.654425432867164928e-05
1.221774103290181450e-05
2.930343424483450310e-04
9.634867530368981890e-05
2.595481779343402923e-04
1.169476182449787072e-04
1.889436574558356127e-05
1.958668570184835759e-04
2.988866697013683603e-04
1.630496847596180575e-04
9.986131660291113594e-05
5.431946868012871646e-04
7.008222650103457328e-05
2.398783295019057775e-04
1.600579506383129850e-04
5.843199382482633169e-05
2.246489271321888464e-04
2.127801000842410308e-04
9.193660145053320683e-04
4.526245636078798712e-04
1.587589203413516861e-04
9.319838218212581516e-05
6.282860885210207356e-04
1.609853047661721965e-04
6.808678039830196298e-04
5.479990151053962862e-04
2.268791034505708982e-04
2.241716450184886320e-04
2.734294035818915936e-04
1.875587030100600734e-04
3.014586675280133061e-05
1.612663476091378019e-06
2.104775303324615506e-04
3.224178816197714628e-04
1.152643811097324575e-03
1.277388469664205708e-04
4.543380913150272486e-04
1.789941351398994347e-04
1.181108179125490287e-04
6.076478169484153103e-06
1.978613192429757456e-04
1.724515488051813188e-04
1.347760981351422093e-04
4.184078582091451683e-04
3.079048905516533746e-04
3.772498332873249036e-04
2.571633732586558942e-04
1.414086730062778081e-04
8.711349759391639265e-05
7.420779672645372142e-05
3.952514866516855302e-04
1.206893639724148932e-04
7.025316845045847679e-05
2.871359437471096435e-04
5.816644139287756207e-05
6.882924305638463656e-04
7.504814456020773719e-04
1.206225694078019131e-04
3.994444099319379933e-06
3.468999572587996936e-04
1.158467190629855752e-04
7.387727537643666315e-04
4.868320389856275825e-04
3.410417702807504419e-05
3.402286707486419952e-05
1.991473362830169182e-04
2.349153685791538341e-04
6.383670162021482745e-04
1.223150054562374960e-04
1.030024430294945369e-05
1.299118325612485907e-04
8.707052242259001552e-05
3.622555285215279684e-05
1.223414020085740938e-04
6.263489709655308381e-04
7.301288062347252757e-04
7.775432958413052692e-06
1.910153186797628627e-04
1.656210364388759700e-04
5.785250286300135564e-05
1.395113209063114114e-04
1.119904312534131295e-03
5.823949657590631285e-05
1.587989986493466821e-04
3.257993572061910472e-04
1.015197129897642356e-03
5.007402228987568995e-05
2.025228925251303374e-04
9.415506757563650185e-05
1.744612350467012818e-04
6.038154790998491537e-04
2.118603477660938570e-04
5.786802678098823663e-05
4.122538151646123637e-04
1.445623430631024376e-03
2.810526450410408771e-04
1.232549350786111360e-04
1.074810897703950391e-04
5.304926685827178776e-05
3.140991782862443587e-04
6.266007404174744575e-06
3.463197034718262985e-04
1.124311257740645900e-03
4.851780772910606321e-05
1.162864506173832420e-04
9.263300897870978983e-05
5.151950851359383141e-04
8.414741795578496416e-05
1.940185169081542040e-03
2.502194564689834725e-04
1.283022297133075721e-04
4.334810813456372767e-05
8.243371974355292618e-05
8.307021696988294002e-05
8.549334556858278523e-05
2.444433155342898897e-04
1.046025393344705428e-04
2.671279070946771281e-04
1.948687113791625319e-04
5.055690545581069308e-04
7.675725710138751293e-05
9.644531013621726059e-05
8.364875788535356500e-04
3.733647728615239092e-04
1.122613052377698892e-04
5.066225066711543346e-04
8.036707419265691260e-05
4.024947440946886960e-05
2.931545881716814497e-04
1.307148153830837338e-04
2.936030233133120836e-04
3.352122043127777034e-05
1.722779995836652201e-04
2.790538089912199607e-04
1.217007364940408335e-04
1.619665488919609230e-04
2.148125979101834842e-04
7.162969800044471686e-05
6.938204265913668805e-04
9.759772040215516030e-05
3.335880989486036561e-04
9.643738046544865462e-05
5.616379957527582734e-04
7.245458102482396461e-04
4.927715450866333030e-04
2.202754538560422676e-04
8.793184447568527112e-05
1.066672457633391911e-05
9.151681549512318418e-06
3.815132465095809138e-04
4.997028688502025396e-05
4.827757494776415814e-04
1.318295616229044065e-04
1.698101114692996267e-05
6.045471984211016900e-04
9.966244002673780710e-05
3.447082962149784291e-05
2.504827166557109085e-04
1.050676243205643614e-05
4.217465164958571889e-05
3.630734048141392393e-04
1.017575953603267884e-04
7.343931636497437812e-05
7.813840463725981833e-05
6.086388552914555886e-05
5.858624994718599583e-04
1.962645354915481611e-04
3.811535039526575057e-04
3.174242323303541895e-05
3.060460100684954930e-04
9.775326734686290680e-05
1.011712472435851134e-04
2.242427973517992635e-04
5.885410135381011296e-04
1.720153890084349197e-04
9.141647337306816872e-07
1.057664542292881684e-05
1.075149788014215745e-04
3.133693221163914226e-04
5.975764076360472985e-05
4.004133485691068497e-05
4.277357328773258532e-05
3.933451200537410055e-04
1.760136710275284885e-05
6.176748399499331428e-05
7.516952221710754061e-05
2.705723321653032151e-05
1.115335014698422722e-04
1.203098462945498769e-04
1.178854070656249554e-04
1.496361305153216152e-04
1.293899493115348949e-03
8.173617415442759518e-06
3.009633040136080280e-04
2.746851952779972672e-04
4.311412562561411010e-04
1.267016850120776929e-04
3.784631800514359442e-04
1.818776343664685281e-04
3.365356862636198812e-04
5.916059284424303975e-04
8.889892385663526221e-04
1.100973095509003746e-04
2.814333632675104403e-05
3.213143770843849374e-04
2.391636765007351781e-04
2.590827318859341790e-04
1.224583699366762752e-04
2.752395884802274779e-04
1.290219761012842967e-04
2.642540430235528205e-05
1.670330043766414627e-05
7.020765856721461072e-05
7.646686801329266809e-05
2.649625680081022926e-04
5.610620435754351196e-04
6.615191392971427834e-04
6.710437492791197257e-05
1.373732553014148947e-07
4.826399539594786566e-05
1.941145098354888547e-04
2.233704433079905472e-05
2.035121668706312849e-04
2.252584239404932694e-04
1.683798103876000244e-05
4.761538854645021692e-04
3.286837571246308502e-05
4.507524607715921155e-04
8.280441905327941071e-05
1.425462720249874831e-04
8.473749647640926386e-04
4.682079704196131544e-04
3.627130644851047373e-05
2.722938806151750765e-04
2.337100564118294282e-04
1.525473546842471108e-03
3.667235072541049365e-04
8.852754469862133256e-05
3.650309847975874650e-04
5.741402176219262323e-04
1.507973249118800475e-04
1.399561065913154179e-04
1.840926875223580404e-05
4.665476481165730413e-04
7.393723471217880411e-05
2.609407877907722107e-04
4.893706373117395541e-04
1.524715884511944537e-04
2.362902717453698343e-04
1.346476349571743502e-04
1.612657652236536841e-04
7.819457752365529396e-04
3.650101689297284856e-05
3.197552052098992888e-05
5.299848869691921576e-04
2.273664446602729084e-04
8.253665242163308376e-04
4.337437204520158598e-04
1.124797401549556679e-04
2.722433657605162504e-04
4.652289644191244067e-04
6.011484815447836741e-04
2.273903539335434736e-04
2.923347979013668279e-04
1.044339643319487339e-04
3.320259212027730326e-04
3.343897206764056911e-04
1.013047479349793866e-05
8.230271427752040327e-05
2.186459503746881040e-04
1.478647255038608918e-04
3.804442524458550375e-04
6.892937597056681678e-04
2.345426768602895153e-04
1.869410253545440508e-04
8.211481013126301120e-04
1.057215481250701122e-04
8.827230345185799144e-04
2.661021699459663109e-04
5.221843359659512126e-04
3.828980766563221919e-04
2.197532064217872373e-04
1.256638604981088092e-04
5.119445610538216637e-05
7.717152606384697572e-04
2.186546758150202218e-04
2.270420751199170675e-04
1.390837558396753769e-04
8.997575278856256994e-05
1.823603705460925708e-04
1.544257558002711363e-04
2.770242227679465684e-04
2.373545174383636725e-04
9.986683274174556427e-04
1.056821650810058674e-04
1.227851661504494212e-04
2.487381304824577135e-04
3.693374818826882845e-04
1.888603614506641627e-04
4.095697001706272551e-05
1.704675268902774673e-04
3.727602241331792222e-04
3.451222309663904970e-04
1.636275728121250274e-04
5.875934838609591900e-04
5.399018227686187452e-05
2.211329258669835886e-05
4.701206887826693331e-04
2.181358153376518837e-04
5.586351033691338164e-04
2.823125062569164915e-04
2.511799970073073286e-05
2.309946098858556491e-04
5.947901146190365815e-04
2.044905717175084746e-04
5.784545968509639986e-04
9.871602750049924668e-04
4.752901198366822557e-04
5.268272455334140243e-04
1.791605989723009699e-04
2.344760744475799801e-05
9.426631154025910718e-05
5.695042790210451747e-04
2.426986246802695206e-04
7.858623667041501372e-04
6.227049722987325949e-04
1.911396939679015365e-04
9.751265641054810644e-05
3.095913671057508114e-04
2.950292516336480383e-04
1.632584746417912308e-04
4.114015745687137743e-04
1.887045397393693699e-04
2.925858984867454990e-04
1.886443113510407254e-04
8.313418219778215094e-05
2.299386207334086569e-05
4.072797209240307335e-04
1.882889730674844960e-04
3.954327430722285496e-05
2.791073397949992221e-05
2.492113021587871909e-04
7.292261503176320674e-05
7.795682886608069418e-05
2.288968967823498755e-04
9.169704971236896773e-04
4.252380609118216852e-04
2.356499658499813939e-04
2.318439654296939483e-04
7.020492810829284983e-05
1.010566014528101257e-04
3.212090104306465610e-04
1.396216047683529200e-04
2.307961442562060108e-04
3.531936434158519742e-04
6.805107395257002276e-05
7.023448630165197652e-06
3.178141141581078020e-04
1.712104058231092574e-04
9.126957020936585902e-05
1.876846238351571980e-05
2.593826562425173156e-05
1.022271487617084729e-04
8.880162239981169469e-05
3.691665342017962786e-04
4.288275705454782727e-04
1.739084584116449769e-04
2.659646463993770482e-04
5.795648531284971778e-04
5.418694052013581968e-04
3.818559394594841735e-04
9.581506333528186023e-04
1.485390698849330408e-04
1.000236906116475414e-04
3.579174941111897576e-04
6.257677816852658332e-05
1.510555286776234718e-03
8.665552971474133916e-05
3.643326300213371098e-05
2.263279508147831253e-04
2.787633141930782529e-04
3.358308598032553010e-04
1.636039163276287368e-05
1.553484465397052791e-07
6.413399260164380023e-04
4.199121052297066087e-04
1.075029031458325904e-04
4.423541356508073189e-04
4.331523620924485974e-05
2.273301702034888426e-04
3.858680506498168459e-04
2.337515608984254488e-04
3.703676198964717732e-05
1.219688873455594658e-04
2.800677528542372310e-04
2.500336657617541940e-04
7.727568599748022046e-06
4.091597257366855135e-04
2.745899230721871509e-04
2.619840229745418018e-04
3.176611295233119773e-05
1.817047941347085750e-04
1.210597734139647427e-04
2.129739583423389800e-04
2.473680006704316267e-04
1.325237171263831835e-04
6.531050936346774471e-04
1.242448853946164812e-04
2.636994917152614415e-05
8.562541761247890743e-05
7.019011207994735064e-04
5.496335179055580807e-05
2.674141839488418203e-05
1.960086596334335797e-04
7.233153511951080519e-05
1.506888654357283212e-04
1.251539804794484444e-04
5.424748407141834206e-04
3.129275568923844280e-04
3.306062292148204628e-04
1.140609423423903099e-05
1.030056948999338807e-04
1.405177803731698458e-03
5.314981920295853068e-04
2.262878931269295471e-04
3.367120930748969897e-04
5.097728590337324102e-04
3.436106738223305588e-04
2.858192823081642542e-05
1.136464606300489110e-05
2.742704104151577659e-04
3.151160237894584095e-04
3.899758836527407479e-04
3.135687152694433823e-05
4.608225558185577919e-04
3.966338126040489594e-05
1.648784293368883095e-04
4.180495662113777326e-04
8.309119815181068220e-05
3.226983237963822367e-04
9.562727260513313970e-05
1.335017882177628502e-04
1.999010355249828874e-05
1.075484781301635752e-04
3.254663478728254256e-05
2.401116762933191897e-04
1.072283831326209091e-03
2.439209802266657963e-04
1.988384412701037457e-04
4.208125261101209724e-04
5.101673857927542725e-06
1.892956777301766627e-04
2.489323927425488719e-04
8.808019346987051932e-05
1.527236490778357616e-06
1.383525343200441894e-04
4.827826253068658166e-04
1.494103646882872941e-04
1.520734530582572167e-04
5.859659536236541417e-04
2.044938891938553015e-04
1.198725801688622266e-03
1.295212434332721927e-04
1.406896866120804996e-04
7.808557746259461819e-04
5.109123939305485309e-04
3.030686600907045143e-04
5.706635321782036125e-05
5.406186715298267340e-04
1.119904911386469538e-04
2.308361513355523494e-04
1.711006804496283497e-04
2.464037283509208816e-04
3.346852571861637349e-04
8.340490758891415521e-05
6.811395411470025460e-05
6.176037865390188544e-05
2.459369696865795524e-04
2.000175592090912031e-04
5.226126660417779266e-04
6.175198518344991727e-04
3.108416341847894008e-05
6.880416953259733883e-05
2.109163667861573119e-04
4.590415717570249293e-05
3.747295022047351237e-04
4.973893912922503960e-05
2.824314464009210907e-04
9.653358343620656572e-05
5.697103195198123743e-04
9.292537996105475900e-04
6.303706301635455828e-04
3.315831089616340404e-05
5.430327285563464421e-07
9.629888044679148803e-05
1.234675743276652756e-04
1.484159607235642552e-04
5.764037055881004020e-05
3.561776906396013913e-04
1.539972982960951912e-04
9.629434466946531492e-05
1.035399849918774084e-04
1.945772529534401264e-04
1.220028908021129812e-03
7.239922261698505512e-04
3.891014642779420875e-04
5.071572775438225019e-04
2.928190995237531740e-05
1.041936828391622720e-04
1.814028804540857465e-04
7.136773352610807425e-04
2.543357725546281363e-04
1.006340296709225512e-04
6.018159326075691841e-05
1.832369593180145986e-04
9.687097141478250213e-05
4.924785987140726465e-04
4.327060219539034715e-04
6.096959729619491229e-04
3.127965463295606977e-04
5.655876934321296603e-05
8.938391814925543074e-05
1.783087935598808536e-04
2.306427060045042939e-04
9.624305001912266668e-05
1.279685761018815372e-04
2.048418038505409673e-04
2.005576012064565645e-05
4.466031571336842853e-05
3.036975487160400696e-04
4.283194574248419583e-04
2.596232930051000658e-05
1.793836367519094463e-04
2.637736948225739039e-04
3.058261485679762085e-04
2.775727649073355145e-04
4.365013935508230613e-04
2.980001319717399459e-05
1.783210030953267047e-04
4.676796873082818815e-04
3.376465612366568521e-04
1.038835556160765252e-04
1.412790544434804724e-04
1.514608163356154962e-04
8.400490440590177663e-05
7.458880178321775187e-05
1.682519988066533373e-04
2.690976625401748381e-04
4.418469072168328777e-04
6.502111863650766226e-04
1.342962213031047508e-04
2.757238953746584385e-04
1.237168420307384353e-04
1.135514743845151711e-05
5.534195121042127222e-05
3.852203793835117223e-05
1.226042460455790191e-04
4.729399754298441215e-04
1.961335813280479763e-05
7.631828612287053747e-05
3.026297180203475572e-04
4.098471099313655053e-05
1.449153840957631122e-03
1.354027726096183068e-04
6.418202205055042412e-04
2.411661578794651044e-05
5.730297124302259973e-04
3.029509744037479197e-04
1.535128059000769951e-05
2.660590931373449722e-04
1.202666516710020224e-04
1.020926733803956038e-04
7.733139103487817910e-04
1.261647535144749712e-04
5.707183225877253104e-04
4.978427754071453612e-04
2.929261803310180155e-04
9.528739656340586310e-05
1.780858957316539155e-04
6.068129431574637803e-04
2.731974391799832130e-04
4.833328275239069292e-04
4.459941665411481945e-06
1.252150050686509294e-03
2.207766719165376831e-04
5.283834720507598086e-05
8.955498092757445492e-05
2.159242292002179562e-04
6.108694791556455489e-05
1.823721856887691381e-04
2.834298500000974612e-04
1.632314238565936318e-04
3.061742366807944154e-04
1.049232968448255196e-04
3.719762519724684749e-05
5.738524805561648692e-05
2.176268510145672262e-04
8.642289405623641385e-05
1.566212295584133111e-04
7.036728702322277715e-04
3.399898816591382885e-04
2.137899615953439691e-04
3.722409865569831070e-04
1.241832181557616169e-04
3.451542844296933218e-05
2.440209649983314446e-04
3.914800193023798298e-04
1.999410318787541417e-04
8.354330834124050302e-05
7.671697961626870743e-05
9.503192718710044482e-05
7.093126681204138398e-04
5.718662927909041278e-04
4.863794730645945499e-04
7.213740998914532857e-04
3.003788198900633559e-04
4.439159778693974973e-05
8.212351767467106038e-05
1.297068230942854592e-04
1.992319483614093316e-04
3.077415923894934500e-05
1.426395376814791074e-04
1.963625368309840997e-04
6.379637481109061946e-04
1.186858779325951861e-04
2.872391542845986116e-04
1.897435191501958710e-04
1.197499198826105219e-04
2.034731042469602953e-05
4.819909609216064709e-05
1.749966283262678222e-04
4.171272641631217624e-04
4.387116045374253088e-05
1.032019690047535700e-04
1.292822120024759774e-03
2.355549026897397038e-04
2.720629861931133362e-04
2.371824946816071262e-04
2.378072744661385190e-04
3.089154398693480237e-04
3.026120977018958449e-04
2.813792989171323158e-04
7.306814020491481576e-05
3.192678428605990552e-04
1.056324129713068444e-04
1.205287078749198767e-04
2.004951154296937682e-04
4.391446685647164690e-05
2.427530015107000105e-05
3.991590871241216154e-04
6.042713570643669130e-05
4.549406448976917581e-04
9.768265955382833218e-05
4.230299923580439964e-05
6.046856832833797345e-04
1.811101294539967902e-05
8.190668053933180853e-05
9.661698765358379298e-05
3.878749402794621679e-04
1.499136255730537258e-04
3.499064307513377364e-04
6.399201633234966394e-05
7.099609434931595077e-04
9.188349497378224496e-05
7.752713324672760788e-05
2.438905947028538883e-05
1.955146142796621695e-04
1.513746425691666437e-03
3.907542963063420855e-04
9.315079676145648525e-06
5.960925186954952985e-04
2.334927035200253778e-04
1.234497076601686401e-04
2.155335997596667197e-04
1.662527416590869076e-04
1.086864696272776552e-06
6.002868634253008800e-04
3.423067188352359224e-04
1.141653721924927322e-06
4.217383291023760541e-04
1.510530203900636935e-04
7.538572014750091505e-05
1.234059977258112728e-04
9.707082821256348424e-04
1.616699407958208318e-04
4.834747544481350683e-05
2.464206571538587434e-04
1.004023333909393996e-03
9.711144193254655989e-06
1.935142987236585389e-04
8.283567405390102219e-05
1.110695260643944962e-04
2.184814199227602986e-04
3.047594531227132745e-05
1.756350298883978820e-03
9.064032886253815856e-04
1.203832426052234565e-04
5.625393198482970744e-04
1.946823571341033205e-05
1.750630901377991759e-04
5.705876311219001875e-04
1.171040828281265416e-04
6.259242583766273099e-04
4.773328433077986634e-05
5.353616316298824432e-04
3.861896342621650856e-04
1.855253163801291500e-04
1.524965263788786475e-04
4.401898507079869205e-04
1.620191964317868334e-04
5.809051143589251572e-04
3.363103896033990052e-04
2.939040833412169540e-04
2.487990848001821903e-04
3.125453856186075313e-05
8.821863668050148016e-05
8.516361349577022835e-05
3.411708151761012507e-05
8.208019049918648851e-04
2.875084399772650557e-05
2.629772165745506785e-04
5.385864571519839077e-05
2.411404466694634186e-04
4.587685565078985974e-04
5.801815587143811098e-05
3.735475650237101179e-04
3.239248212863764963e-05
4.236566586470191516e-04
2.026463381688026232e-04
6.217378009684769013e-05
4.773021446805455169e-04
2.625352210577365075e-04
1.909555642576843361e-04
1.630759702513077567e-04
1.670733000517147344e-04
2.444552258461307271e-04
2.203867941072609534e-05
1.029105339661392783e-04
1.156414136073841408e-04
2.270193926887175242e-04
2.908502058147144419e-04
1.084666526686532277e-04
4.155320706320091173e-04
3.006630971183412056e-04
4.757043591597686282e-04
2.685083998265438195e-04
1.119901066949609888e-03
2.242216015495703896e-04
3.396742485986700656e-04
2.582933818433730440e-05
5.245842179897440848e-05
1.037363175478243178e-03
3.759502436928918110e-05
7.409172326002135120e-05
2.471705050755739820e-04
3.741916282942668831e-04
2.832306024827201639e-04
4.436749001788385010e-04
1.581542582963728536e-05
1.796594953360057013e-04
4.663442819169367820e-05
5.824600713580261810e-04
3.242035288659891418e-05
2.960524892471234870e-07
1.456463572359906883e-04
3.312563515070280620e-04
5.537436742208129556e-04
2.816137683051814678e-04
2.564694249240361841e-05
2.256275824432656281e-04
1.915339130148738865e-05
2.363633004684553466e-05
2.564763397928817678e-04
6.473599317258059037e-05
2.101449177259850622e-05
4.521494026047062300e-05
9.940889516989192837e-05
3.390386541789403496e-04
2.902632506031510736e-05
1.013751739876445204e-04
4.291921524544329821e-04
5.917004400428639804e-05
6.641081069398199332e-05
2.490857188549276961e-04
2.753457765410351698e-05
9.749899562422735685e-05
1.155359949665015878e-04
2.786257225188240225e-04
6.317526029120363413e-04
4.814887574299095592e-05
1.219795927768284967e-04
2.717266067986973352e-05
3.614684448923630102e-04
6.535800239306931072e-05
4.483520957190913507e-04
6.684524685646864436e-05
5.876501700750305559e-04
1.186619323758648502e-04
2.592234040853012389e-04
1.455967851035952065e-04
3.389174698983320449e-04
2.513754939225064898e-04
9.127506883112334297e-06
2.482466197322940552e-04
2.494374835745809629e-05
2.967658324390954607e-04
1.389645356670885000e-03
6.094644503711922115e-06
9.332924794556105572e-05
3.892621886157908743e-04
6.884573612005745621e-05
4.748342258299723990e-05
1.999902660709417424e-04
2.918806686612762075e-05
1.902199823429271254e-04
1.775487436861996466e-04
4.380120446201988865e-05
1.010590092354874927e-04
4.057885079529936030e-04
4.196057173213422770e-04
4.861293978423498509e-05
3.998984875109525043e-05
3.857369409540647954e-04
2.375579858527391002e-05
5.512781918595476612e-04
1.780441314209854815e-04
6.307174700053643120e-04
6.109798405649200697e-04
4.561441671320271598e-05
3.562802480268062574e-05
1.646783464457639745e-04
4.264697874627108279e-04
8.365565393362540611e-04
2.517281465356008730e-04
2.775729124475763559e-05
6.047356046925809634e-05
2.862195915692153717e-04
7.624146997365405969e-05
2.105888328140276169e-04
2.246144845256508444e-04
1.767547830574405743e-05
7.379113514191788618e-04
6.259606897829526569e-05
1.779599143315331223e-05
3.671476904405599769e-05
3.683930235075500543e-05
3.794881272269485227e-04
3.865547487935822599e-04
1.558027727768037534e-04
2.820018726580337314e-05
3.120981766129493824e-04
1.483741278159883970e-04
5.584054402675105904e-04
3.226996948930839059e-04
9.905221767035103588e-05
6.453088420582072694e-04
1.480199495502895735e-04
2.417546258868133815e-04
3.080835086428423747e-04
3.340029417393369760e-04
1.956980506744005572e-04
5.379716501987403377e-05
1.773413426177570498e-04
5.730437379878573160e-04
5.380710476352066436e-04
1.137219892167203419e-04
3.877095883043440668e-04
4.263161644183722978e-04
3.437409699244225016e-04
2.053536876134085649e-04
1.285688393032443830e-04
1.244277457702146867e-04
4.561453684677576118e-05
5.131826237421986995e-05
1.402687480961344708e-04
8.688397344351663767e-04
4.399964421801787640e-04
1.697166571927896759e-04
5.709175046136005750e-04
4.692505612165923448e-04
3.972552083445385113e-04
3.978371343802833556e-05
1.105716514004091673e-04
5.572606462646637060e-04
1.038771280369543655e-04
1.688834787530580739e-04
4.818793937844365489e-05
2.729224473591694436e-04
2.499383913469950167e-04
4.525666113463853296e-05
1.864074287378430855e-05
1.503370649368189063e-05
5.828506843148811194e-05
2.315259192571159877e-04
1.406489179305888826e-05
5.870098958409324179e-05
3.116498864174914885e-04
2.590347058639179347e-04
3.000257542576280294e-05
1.544745633434281383e-05
3.260412890448796696e-04
7.556677450872318355e-04
2.058140108913471893e-05
2.013645121583136622e-04
5.618534683657459968e-04
7.506970066426522882e-04
4.710020619041340280e-05
4.264306511139718701e-04
5.853268947108709018e-05
3.957480450850253597e-04
1.871981255691253752e-04
3.379177564191400765e-04
4.286342675206171525e-04
5.683667844594176167e-04
6.261867444186344398e-05
2.888808801994664126e-04
4.960786786256002161e-04
1.664625113137624954e-04
3.245316556908888731e-04
1.013761139201314063e-03
8.208062292197807310e-04
1.621939780877057274e-04
6.150481049680003127e-05
2.914388428040509248e-04
2.581021490765595446e-04
6.317185366486200717e-05
1.103516678454811994e-03
2.753495179016381697e-04
1.350658889122145832e-04
1.468784641393339973e-05
2.574677050067018824e-04
1.062149020884544688e-04
4.379495697295182058e-04
2.248835118907566112e-04
1.109262822604070546e-03
1.861693789803384300e-04
1.018572277176314376e-04
4.157057377666591169e-04
3.432901772945877038e-04
1.614799476031532430e-04
3.097364102326458985e-05
2.660456501005776641e-04
9.611781274790428436e-05
5.900471885683475793e-04
1.015739438435548161e-03
1.662946363292490219e-04
8.916554570788871230e-05
5.483784612817733852e-04
3.986534276461328134e-05
1.674955003415979412e-04
3.247525965920610011e-05
3.101343916409053978e-05
1.180732711682855454e-04
8.608264514798746186e-04
1.093079216863189707e-04
4.831755039027026805e-04
4.361891142194297796e-04
3.155262972333065449e-04
6.811985304032162404e-05
5.737693095856492322e-04
3.423387094521871841e-04
1.999477935531892940e-04
1.256521954166279231e-05
3.363365323083431966e-04
2.102227649235628932e-04
3.420582016743914036e-05
2.849537751695973556e-04
6.042699012891699761e-04
3.734393317956451446e-04
1.567624156032185754e-04
2.117962576045103579e-04
1.415290120521460308e-04
3.257028282202300618e-04
2.408606595725498918e-04
5.236392738185843485e-04
2.019140823670625029e-04
1.818127926009274634e-04
1.334816483141221998e-05
2.938774992277005255e-04
2.373088089451111859e-04
1.656929459100579866e-06
5.467772081038266242e-04
4.346808651190070907e-04
7.750038802283162540e-05
4.470101764455623348e-04
1.214602436632151804e-04
1.021096169952273239e-04
1.150437361582659271e-04
9.482258245298899168e-06
1.060789963616061210e-03
2.607349656787999126e-05
7.226512145406897012e-05
4.490993548517055326e-04
1.187640517608237799e-04
5.467249471052707888e-04
2.423364856041051909e-04
5.571358039515565295e-04
2.948314685042285324e-04
5.851678924210088325e-06
5.143340745213008722e-05
5.661856550326705480e-04
2.288696360612242056e-04
2.265586790246860830e-05
4.599363401959394890e-04
4.447429117374748162e-05
7.043541723261598783e-04
2.717024168040701212e-04
1.501434180956704324e-04
1.453407968851944023e-04
1.559945771412488385e-04
2.680607628488759515e-04
1.845907987737569833e-04
2.812510583968303888e-04
2.592182477596509816e-04
1.584207656850302088e-04
8.868294747389347983e-05
5.860595578008052681e-05
3.624134796698644983e-05
1.873683010837571953e-04
8.933646690857255859e-06
1.059854001022021057e-03
2.620841822345001070e-04
2.220249881704562428e-04
1.197750656352163350e-04
3.815626930565657539e-04
3.585724823568290482e-04
1.006868510006962399e-03
3.121054221484250704e-04
4.436901543661546133e-05
4.154015393687663141e-04
2.416407300844870311e-04
7.911354564625693421e-04
7.043689565190962721e-04
1.994912490603468547e-04
4.089186764075455113e-04
1.737896944370441498e-04
6.671533606105096341e-05
6.443109442895255225e-05
4.250876985207923466e-05
1.967067601206889634e-04
4.148062893213421516e-04
1.762848461046367065e-04
3.909773639740478758e-04
2.242694140508291083e-04
1.777658574162567853e-04
2.405089108239270653e-05
4.391147929612361132e-04
3.247473521470744260e-04
1.911080076355075967e-04
9.903775608179368436e-05
6.715517184147518906e-05
3.453672253039337826e-04
1.504178936640841334e-05
7.932944552716449799e-04
2.344341056399035347e-04
6.979802041031410269e-06
2.370523669770940238e-04
1.079043195167322640e-03
7.814226847534457455e-05
1.557221139819348499e-04
2.031685599239092300e-04
8.369199063435697359e-04
1.630443712358242464e-04
1.758406918992115597e-04
9.376204828576690077e-04
1.416401110015520510e-06
2.576348536740103609e-05
4.306193910662743391e-04
1.426907454630736531e-04
1.799267834683120483e-04
6.347537389040326856e-05
6.472091035958090583e-04
4.666214527257762641e-05
1.312128784081368542e-04
8.196712687186753559e-04
5.492376067735314305e-04
1.665980133185458712e-04
3.227802196472056797e-05
1.019259941316449457e-05
3.155581234004278053e-04
3.990705763181422020e-04
2.533852431593512839e-04
1.334034959045275488e-04
5.803934217215091793e-04
7.316979396227972780e-05
8.105398896619108590e-04
6.496855918554712058e-04
4.898232427447072723e-04
1.135379655535556989e-03
2.577157072606159533e-04
4.710450937043263219e-04
2.977955730995964835e-04
1.538881522894249199e-06
2.160133972376917491e-05
5.574013735604594873e-05
8.061088748779140761e-07
1.806977946035165654e-04
1.255403488331426228e-04
4.430035690758406231e-04
3.872900262005376029e-04
2.164729670777769594e-04
3.246520411574676601e-04
3.149871539801946140e-04
6.156965441118303481e-04
2.161584183608474430e-04
4.646422457592359336e-05
1.652408072679595753e-04
2.029104255813293941e-04
5.794254547649044208e-05
9.782929917771007299e-05
1.763685395413156940e-04
4.307949749278896419e-06
9.164357460172408787e-05
4.092837976512233564e-05
2.308006382080081623e-05
7.110071730528071555e-04
4.114350615932577636e-04
5.602309267801883945e-04
1.185138187964697079e-04
4.048533766441338990e-04
3.695205185308156966e-04
1.100955842112410652e-04
1.376303662927466718e-04
2.633669900753498965e-04
4.447026999044434149e-05
5.284905705217269245e-04
5.299368289329429332e-05
3.270039304773665292e-05
1.473521540416139724e-04
2.998390260433119164e-04
2.062566357977649867e-05
3.623353508610617003e-04
1.219797841181340895e-04
4.763381898061105316e-05
2.750145234293191343e-05
2.635383867210909243e-04
2.057065075355806458e-04
3.816985376955966285e-04
5.382121368497368814e-04
4.593090574290098200e-04
3.437642892849005968e-04
2.732652784041757102e-04
4.549934344735589629e-04
4.867335794942272793e-04
3.183007776398560310e-04
6.682532433429826460e-04
2.122701369295649620e-04
5.686656453784108599e-04
4.540108823219135819e-04
3.568795807606534856e-04
2.731536342768124876e-04
5.485661890194485501e-05
7.997389853465323734e-04
2.570265536142395498e-05
1.660640469927285843e-04
2.021378883110087162e-06
6.530839257831265324e-04
1.534617055592881591e-04
2.461924847069649441e-04
4.653453576043173849e-05
2.657005523137419495e-04
9.401038757935583018e-04
5.402338885919162647e-05
3.995226779475381969e-04
2.377006866056368523e-04
5.904279882444052308e-05
5.589547521228605898e-04
3.826909589091717222e-04
1.819146397696128363e-04
2.314361637871898837e-05
8.707437304480832800e-05
7.506704371110480348e-04
2.280651804274288358e-04
3.092132710278990937e-04
1.185103906487878562e-05
2.794142666952453878e-04
4.347062178027354638e-04
7.757146565349022020e-05
6.190621074112907752e-04
1.147711590029075121e-03
2.628718310666522612e-04
4.385942854667060418e-04
9.390762058190352691e-05
4.685487171225132143e-05
4.573782157887011819e-04
3.172981774410967926e-04
5.038163047382574443e-04
1.422585937241569484e-04
2.976890277686955686e-05
7.042664927481564010e-05
1.140318786846532972e-04
2.997249733646859091e-04
5.255498049773597998e-05
5.002144689111386695e-04
1.213406567652479130e-04
5.271957262985420842e-04
5.619744925863936818e-04
1.675141560607957652e-05
4.409427128108489146e-05
3.194514245151020275e-05
2.580611029351940274e-04
2.609577781841893713e-04
2.621973937728313826e-04
2.724348034530852053e-04
5.847950590728655642e-04
8.151902327314372370e-05
2.064413216335349614e-04
6.663636779230867023e-04
2.125129730097318555e-04
4.230581051412458216e-05
3.033615492574690269e-04
2.046001676597017816e-04
9.578009376615809461e-04
1.144809492726510467e-04
1.529301842715807564e-04
2.747510650145502747e-04
9.890048671964332672e-05
3.455121872039351011e-05
3.322552437917353305e-04
2.187779740152138845e-04
8.088446590736182414e-04
2.432302467885575942e-04
2.801769534439777970e-05
4.590967259706298944e-04
2.941559170391382485e-04
2.107101789521315625e-04
6.226542066998203917e-04
3.636476683392238446e-04
1.827516155957030808e-05
1.600247832840211246e-04
1.674772064463056302e-04
9.311389009935426336e-05
5.103111584698295441e-04
5.622858828238186477e-04
1.857927313038588318e-04
2.840304786921901106e-04
2.440788515550769173e-04
7.175671334082985508e-05
6.203727857255207276e-05
1.310718319472405591e-05
6.429581716678169035e-05
1.488459842701658753e-04
8.586822801274566274e-06
5.469557378858965060e-05
9.212420550523385695e-05
2.050956899353969544e-04
5.480020363032271505e-04
6.211836143911002566e-04
1.432171625512733935e-03
1.479439232614939391e-04
1.592517491476507440e-04
7.218798418117713641e-04
4.489541902317271244e-04
4.611056795133075580e-04
3.304353941247173084e-04
1.168873663682605863e-05
3.566023266555265470e-04
7.286347308252992072e-05
1.848917733258434275e-04
1.264216998655194482e-04
4.950046908556266726e-05
4.327613867639179697e-04
6.037957668348535389e-05
3.958352979806905583e-04
4.109514916467220348e-04
3.213917322379299444e-05
1.689450144370832727e-04
9.766784356034077309e-05
2.625541776721668761e-04
7.262546484658128829e-05
4.330346849647057246e-04
2.225141086796837329e-04
2.964341369585279281e-05
7.581017462727749788e-04
1.658932734732558600e-04
2.768762927976497647e-06
2.077158338964727065e-04
1.503833307873566531e-04
5.487172741538639967e-05
5.067177982225172257e-04
6.402210332802439662e-04
2.325582118915092537e-04
1.289567323830590959e-04
4.455755834164778096e-04
1.425519855403778609e-04
1.599990415262439480e-04
8.982836170607805563e-04
3.759142820720128480e-05
5.927006680156234357e-04
1.367068632538780235e-04
1.283040985667573651e-03
7.348613324768508298e-05
5.952913247213632592e-04
4.619268732833378232e-04
1.735766468495763095e-04
4.374025768370205704e-04
4.481842652399821761e-04
2.981901449167066623e-04
2.698137777725410739e-04
5.982518011678851283e-04
1.209373517058560867e-04
6.430562497772414120e-06
2.692880226315814648e-04
3.117084541224183851e-04
6.918156275533473166e-04
3.125093795269251180e-04
2.227151103280702114e-05
1.903309814988660435e-04
4.913969339293249982e-04
2.757825876578197822e-04
5.037333544528252958e-04
3.653828042047472488e-05
5.057997227188436740e-04
1.454502356567689315e-04
8.114857835302302809e-05
9.905974697254110901e-04
3.251749911313848778e-04
1.099592828583018805e-04
1.418240574344012319e-04
3.414688657672338280e-04
2.460156553271253916e-04
4.084000574518150675e-05
1.198042546931314060e-04
1.033756285710348542e-04
7.865562739913863240e-04
8.539081592468206021e-05
2.951802631022302451e-04
3.934615344194163328e-04
1.825568548065213074e-04
3.504740887764215226e-04
5.881042272123372617e-04
6.526890175453097399e-04
3.375755150885755311e-04
1.819160586203402556e-04
4.628662916423882277e-04
3.231881102435219628e-04
5.014385423829306206e-05
1.631869412826282637e-04
1.832275922775806305e-04
8.551654609645147846e-04
7.034169052241312243e-04
1.135067763443886851e-04
1.580840069140544116e-04
8.745195591126356726e-04
6.589291672611411821e-04
1.263089607072898958e-04
2.359922761205864917e-04
2.928374615374174984e-04
3.121262434062342683e-04
8.129217282242538799e-04
1.752709991976337525e-04
6.693417164334128399e-05
2.018855021727462192e-05
7.832104565097986089e-05
1.669888386922028665e-04
2.300751673338284023e-04
6.100865954033509575e-05
1.598363283349098830e-06
1.642162649305857307e-04
4.516687609905839832e-04
2.021453085891865493e-04
3.790883559876126924e-05
6.409812249283218391e-05
5.351141140480776765e-04
2.073415202005073369e-04
6.605966387528627252e-05
9.790156328066130088e-05
1.887159366474349851e-04
2.338046277058381266e-04
2.720397897244914483e-08
2.684202145963087761e-04
3.955604677493561078e-04
1.243978137204445703e-05
4.200023238576284265e-04
4.430539964128453961e-05
4.716923547630824052e-05
7.816582928948614300e-04
2.883164989885965857e-04
1.752683983389684351e-04
3.405620834121025794e-05
1.468110538379436528e-04
1.799539016449670250e-04
3.280087506520841870e-04
1.720399660011534689e-04
3.267441213488424338e-05
2.981398691063638144e-05
1.344231564794014819e-04
1.286174217998813779e-04
4.248566359269626588e-04
6.018753632570775008e-04
7.521540087248218586e-04
3.977423811496305894e-05
8.131073445253811306e-05
1.209139351124544559e-04
1.964534732176876893e-04
2.010109475578977616e-04
2.603007049246962908e-04
1.704559247111158381e-03
5.442177592896058232e-05
2.304948515208683898e-04
1.117129533912855052e-04
6.209597864591370471e-05
1.267456702103401001e-04
3.121723385924941494e-04
5.256807251836531939e-04
3.047296047628501522e-04
4.200512996296131203e-04
1.630993356858399562e-04
3.665981394153351681e-04
4.152346604839643712e-05
2.843626989487419549e-04
2.046167638559995037e-05
2.185105022134189296e-04
5.968702620206619604e-07
3.089310335432756066e-04
3.022615240586608992e-04
6.175794186996556390e-05
2.794655575171548398e-05
3.144212408356468935e-04
7.826907662565422150e-04
3.515242973791490064e-04
4.371678634862288733e-05
8.315656492866947875e-05
4.666931753582005205e-04
3.979371175474311615e-04
2.054247594992581393e-04
3.245081528035305749e-05
1.171862292907253861e-05
2.898182983472416286e-05
2.051680328699958535e-04
7.593176903651864529e-05
1.389209364632358647e-06
3.187045275488984662e-06
1.939752193734177183e-04
1.891052930579409917e-04
6.483703085959228237e-05
3.785063555656500273e-05
1.003516920695685577e-03
7.853854529925954908e-05
1.915097672193156921e-04
2.086853026948924108e-04
4.980028274059018160e-04
2.242888903306154374e-06
3.898006497591500639e-04
3.237360494695949026e-04
5.107192061467177250e-04
7.028456110931639291e-04
8.089014453454447659e-04
1.474308577323394149e-05
4.848421550508754904e-05
6.136894613682391305e-04
2.732974962484100023e-05
2.109305824695451048e-04
1.517956898562882026e-04
1.423159791675235742e-04
3.221688210034350051e-04
1.186577674755016475e-04
2.517005455421366311e-04
4.446051445050847674e-05
6.181299901613435458e-05
3.187375650348791634e-04
5.101550778725797873e-04
2.891348498445031742e-04
4.498573401099259668e-04
1.105080882001166910e-04
5.135324362007317057e-04
9.830224251261162303e-04
9.342945471718025333e-05
1.944794448019506220e-04
6.441875809484612705e-05
2.342495312657365215e-04
3.554877262094786536e-04
8.484491729663466296e-06
4.614457990590294448e-04
5.938767333083601243e-05
3.867816126900025151e-04
2.547972353728153341e-04
3.403141256270132762e-04
5.220703251728638083e-04
1.183334773859772491e-05
7.872956670898785384e-05
9.799885927598916095e-06
2.820973064081607522e-05
1.983013629085401985e-04
2.327219727077341259e-04
1.527418426522560168e-04
5.758166059058533130e-04
2.493973734972185024e-04
3.061395255846114543e-04
9.015681806727902036e-05
9.993032152860587252e-04
6.326060207689788431e-04
1.090842039564531680e-04
3.293890825877146891e-04
5.821153625461406977e-04
1.410947766098255758e-04
1.309001203048298294e-04
1.848945158811705002e-04
4.890131879822273882e-04
7.183372337154384586e-05
3.424788056892577923e-05
3.343687622922622256e-04
3.588171076385753112e-06
1.553555378924799391e-04
3.292164269136600631e-05
2.088330195074394847e-04
1.871902954852566259e-04
4.502294496677203110e-05
1.552745237681831263e-04
2.196488912108236942e-04
4.589497991018585228e-04
4.410091076399635305e-04
3.790083572318350019e-04
1.205284333807531952e-04
2.537002504386139524e-04
8.423664600392050724e-05
2.785308362513676098e-04
5.911656657429534772e-05
8.370370350268508341e-05
1.166414256494929629e-03
2.968387167872850980e-05
8.163089550426057273e-04
2.506701546683012349e-05
3.518548518203433429e-04
2.657399202643009320e-04
5.978839736329013746e-05
4.582047664856644139e-04
9.650420654977773889e-05
3.002118950095375004e-04
3.369627094459164596e-04
3.233991224655470196e-04
5.326674565713805437e-04
2.373061017689990246e-04
1.986901746063755652e-04
2.870388916165131908e-04
1.035203034801902763e-04
1.270530890968151220e-04
1.461567807839262974e-04
7.981855657368437131e-05
8.177982875947977545e-05
1.366380555141535652e-04
7.193024755417955901e-05
4.291748049686047338e-04
2.054146046620928927e-04
1.494449309900465169e-04
4.905770250074985295e-04
8.409563481185561339e-04
8.696789924143389977e-04
3.565810174924665885e-04
9.866700312857116899e-05
1.166588287202658762e-05
1.396812640259700118e-04
6.600570258306498201e-04
7.603104564545426101e-04
5.840230923778704647e-04
2.137602970004563057e-04
7.979281339371755810e-05
7.993160528122001990e-05
5.330080042548658451e-04
1.733471122525997586e-04
1.430855514505514447e-04
4.511702708861278110e-05
2.001802629747499382e-04
4.210559466269442439e-04
3.930009798479346269e-04
4.110731129202144381e-04
4.026838813835478315e-04
7.377654180182910242e-05
2.261846638248230879e-05
1.552869229890654814e-03
2.406651286485111222e-05
1.453624482192931511e-04
1.471923498251320067e-04
5.115237280329173195e-04
1.180501881689107607e-04
5.103663123655592936e-05
3.815346218480641406e-04
1.542964796469746189e-04
8.154518376800283389e-04
3.956424284389369202e-04
5.447613384493512787e-04
1.640302882902267738e-04
9.868753496896402408e-05
8.736679609449336066e-04
1.516678075892317857e-04
3.055891231274583068e-04
4.280487448700612935e-04
1.312070497246122240e-04
1.880416140312715862e-04
9.830793094130914052e-05
7.366197197917950042e-05
4.016846190994130501e-05
8.669804860200137279e-05
1.820534434028586734e-04
2.359022949445265308e-04
1.268909260023058942e-04
3.808429177620491885e-04
3.890008193448549255e-05
7.319946947172842138e-05
2.080457439191043417e-04
7.927972809869079278e-05
2.454459816377439969e-05
1.129462069397778535e-04
4.246852858238026724e-04
6.997553264478033981e-04
1.125184463982165643e-04
4.290506576671552932e-05
3.080120313574788199e-04
5.124066892389408500e-04
8.851342286559023579e-04
3.829269526117673407e-05
3.289961461775539673e-04
5.203778631620634533e-04
5.755689126143704427e-05
5.231685886771416359e-05
2.285383453284383162e-04
4.862401203201593058e-04
1.118133503565005337e-04
6.290188733467070605e-05
8.677988499715665405e-06
3.384440164657940881e-04
3.617923931865564552e-05
6.599726095135586461e-04
3.646265770929263856e-05
6.888771392517721527e-05
1.259893706059559771e-03
1.662343762666562003e-04
2.360849766919971473e-04
7.095563935166667563e-05
1.068807075212276065e-04
5.825443035740150450e-05
3.102063749574611754e-04
1.814600818648364844e-04
6.180806096451958893e-04
1.784383586019755625e-04
6.651383842823147472e-06
7.233056276873072561e-05
6.938535340020851984e-04
2.062105575938390407e-05
3.243036612200157136e-05
2.469536889044361607e-05
4.873990451299362600e-04
3.068467112751833703e-06
3.254440753407994999e-04
2.250400539827282812e-04
2.994077541675358909e-04
4.092497421961202884e-05
3.361256513631025590e-05
4.087786400877465681e-05
8.597176174510222455e-05
1.905733239833623343e-04
1.536737016443210442e-04
1.025023313805069401e-04
9.930921234534285491e-05
5.880522111534622690e-04
6.808960573175743599e-04
1.038746940532122350e-03
4.155431498931890497e-04
6.679026222567813155e-05
1.008869482517999209e-03
5.986482657686737971e-04
1.335754358797694333e-04
5.099999710035664187e-04
1.483000199133125622e-04
5.701160132118584340e-04
5.399765067533203314e-05
2.921143967858464232e-04
1.865099246741988155e-05
7.332701128334915782e-05
7.498933561358768496e-05
7.771067952524644221e-04
2.054469314261051871e-04
3.530207889659931278e-04
2.443154014817339203e-04
8.231503308185511331e-05
8.451398034508481299e-04
2.571457514779253704e-04
1.857663083580610326e-04
1.514544509846698327e-04
1.121653727371967741e-04
1.599157431740374764e-04
3.402923507145431416e-04
9.805773960260814762e-05
7.159896067876707468e-05
1.087388796254668867e-03
9.639681653029370800e-04
1.166673191011768240e-04
5.917528844631341969e-05
1.313349787606271656e-04
2.610724704329494823e-04
1.411522721397676908e-04
1.287495066182310058e-04
1.070750422382088892e-04
4.587225909276031183e-05
4.124243496480870614e-04
2.278093268401182433e-04
6.610779119124459596e-05
2.698506314257873343e-04
2.549514988365959373e-05
1.439063919488389048e-04
5.547775814899499457e-04
3.063531866273307624e-05
2.536890906111379266e-04
2.378534367316618222e-04
1.391742010405724742e-04
1.523604989908963574e-05
1.191041328759832640e-04
2.732296357072656868e-04
1.721139946793788988e-04
2.706219365527957345e-04
3.086676194008948233e-04
1.386426422391563251e-04
1.687419840424657879e-05
4.548605253504603646e-04
3.297444082657914328e-04
1.819283686747384264e-04
3.693006294216589222e-04
2.034891797165398839e-04
1.279396774727361602e-05
2.253457716719871112e-04
1.154333442768621472e-03
2.237102111621133867e-04
6.054038457309824425e-04
9.107608190883714977e-04
3.973253442581962990e-05
1.004629309505426218e-03
8.562801245649104233e-04
8.704397051886179817e-04
1.035585963061395171e-04
2.801119304353580884e-04
1.636140205354713362e-05
3.125741262511936148e-04
1.610662567998118492e-04
1.337544299854730699e-04
7.440992099088460207e-05
3.717647719549002985e-05
1.229857733280406446e-04
3.567169141542781319e-04
2.988703326813092753e-04
2.003305796751000229e-04
5.882648234319183176e-05
1.755484698515391389e-04
1.459801774531183972e-04
8.201497571366846715e-04
1.065402284947860809e-06
1.410890295353616820e-04
1.921145667748834591e-05
6.980651049972149075e-04
2.738907330126481333e-04
7.496506660942423245e-05
2.650768990378112597e-04
7.423314492042900215e-04
7.650000880312259456e-05
3.688671762098470514e-04
1.107579142815418429e-04
2.215248673473198227e-04
3.837233683212059850e-04
1.376020720266413124e-04
2.212320187139716959e-04
1.481252144614037230e-04
1.090284913969231121e-04
1.754506286436082179e-03
7.136967603613691557e-05
1.072665895995820944e-05
1.505709324806460468e-04
2.124584728874344289e-05
8.273739341066655610e-04
1.389743126286980364e-04
5.709130459355054405e-04
2.030689115910664765e-03
8.169432000161120185e-07
6.738456859673719454e-04
2.160381142911241119e-04
1.341853583600290546e-03
1.212597153577570655e-04
1.018346569645894065e-04
4.912904758335564972e-04
1.172763220828407650e-04
4.817747633671284327e-04
1.289752607640203528e-04
2.781585741244321070e-04
2.700141557648139774e-04
3.499416038727596066e-05
3.349297139327585379e-04
3.909922630012180799e-04
3.588698583300214203e-04
2.625863793422908519e-04
1.579063551198799022e-04
3.091753707740704565e-05
7.277150377113182069e-04
1.713304692548782556e-04
7.005895532395493672e-06
1.363571997203993262e-04
5.060541171132516359e-04
1.701287252916662118e-04
1.763590143398761120e-04
1.180301120814025018e-04
3.624695310757563172e-04
1.463134614602760851e-05
3.170947954634180187e-05
2.278700522441497059e-04
4.096048950352090779e-04
1.149265550505562036e-05
4.215990247413201138e-06
2.003503982154057638e-05
1.074576831262027927e-04
3.261276839945950702e-04
6.250946530048818051e-04
1.897674025956166759e-04
1.719399212041618295e-04
3.937024439141117879e-05
4.484178119131793745e-04
2.619342018720853624e-04
4.994146961025272904e-04
4.799368152734041970e-06
5.536998111778494047e-05
2.112820367357565545e-04
1.584003711061496636e-04
1.093117453690219267e-04
1.552297812701670780e-04
7.767655342173014794e-04
4.138235192138197370e-04
2.469035881138539261e-04
1.423457972772815955e-04
2.290721552875042146e-04
2.341399012225840704e-04
6.124185856739974355e-05
4.108138810456802312e-05
4.745549626396335574e-04
2.037316107615674517e-04
1.879107864699757684e-04
3.785030884120053961e-04
2.666976385910136576e-04
2.104312515226440940e-04
1.446048163366023301e-05
4.649326320910478921e-04
1.321014398426569806e-04
9.962236084250481827e-05
3.454261970778921772e-06
2.085134764658303462e-04
3.482722021057049495e-04
1.640068216879763557e-04
1.692870014419011035e-04
8.482142644901168949e-05
1.126004992797960543e-04
1.466443894671688025e-04
9.315125575751349158e-05
5.621912657906396043e-05
1.182538114392299168e-04
6.056682697773624119e-04
1.715406872195174856e-04
8.396314247692118001e-05
1.647462470815275583e-04
7.455935872364282009e-05
8.913015591162429382e-04
3.815973218977557099e-05
4.853390879008703351e-04
1.385585296121760247e-04
4.685035304401647164e-04
6.939701800787105405e-04
1.403022222201261702e-04
7.038573068447071749e-05
6.159404979355561109e-05
1.133707460794020927e-05
6.714892559823602489e-05
1.390204325179142321e-04
2.301347036431505573e-04
3.794424682716497041e-05
1.114724661367654234e-05
2.780468408124415905e-04
3.359248267302966120e-04
2.796918587114417864e-04
3.525019394623939107e-04
1.289718830591226467e-04
6.849910811399432089e-04
1.273803086088187199e-04
3.665504196307844585e-05
1.004858959979916361e-05
3.166132172825748933e-04
1.117863135784534902e-04
4.384239448718085211e-04
6.843099212782271243e-04
3.122335885202921551e-04
6.985029596430334829e-05
3.849479157443718379e-05
3.385240380100436124e-04
4.765909906316845280e-04
5.994228392822027176e-04
4.789564577045228827e-04
2.382680961195619655e-05
2.461435640170259458e-04
6.492478032950586581e-04
2.359945814559569817e-04
2.413227163198921330e-04
1.143737523404442539e-04
2.081058541607308952e-05
3.471806295824974025e-04
4.620166019903036237e-04
2.071844794305309609e-04
2.447607359435123565e-04
1.091430571345811053e-04
1.051514443320439876e-04
7.051104610482396826e-06
1.286254348841410911e-04
4.251904422105695809e-04
4.658549482381147940e-04
2.876123741101631196e-04
3.022267372885558873e-05
2.163172908863549026e-04
1.803531567428549821e-05
1.181068224358249117e-04
7.311956657974632992e-04
5.951763799730663661e-05
6.757604127085105631e-04
7.525648651019107346e-04
4.836057019721669065e-05
4.698538963010732939e-04
6.849373338803911538e-04
5.967560375331534822e-06
2.401638667255587392e-05
3.015208716057711459e-05
1.476812121977209605e-05
4.292318020142058313e-04
1.093028901328461098e-03
4.817872126670544449e-04
3.413553773810796741e-04
6.248017907059497415e-04
7.702066089863200899e-04
1.187180467753935331e-04
4.104618415173348590e-04
8.273099146376021505e-05
5.417764481291206151e-04
1.585379720390951672e-05
3.856271486467478912e-04
1.918229464999047934e-05
2.285201467950885232e-04
9.719944406914814128e-05
9.749355749132748532e-05
2.629197160306697280e-04
2.454032873117991840e-04
3.000372722303497135e-04
1.530719504419404730e-03
6.623955588378718957e-04
3.986854398009995014e-05
1.491325028919191521e-05
4.512051471704755547e-04
6.338269193210830038e-05
1.966175330577532977e-04
2.783676812025687045e-04
3.278080453619878370e-04
6.969730405126167358e-04
1.992146179678408739e-04
1.376977835179989552e-04
2.860506789781234340e-05
3.372414672459701107e-04
4.178309672917037825e-05
1.760135439433128468e-04
6.257205768504124545e-04
7.896382537818166921e-04
2.338756023264536668e-04
1.215994852100812191e-04
3.591513992556705074e-04
2.090712516673881192e-04
3.452607760849643712e-04
1.805368661207006124e-05
5.529795076539353470e-05
1.401617235947641871e-04
9.441603645777984924e-04
9.756120333289584586e-05
2.252514644664756313e-04
3.532704372134254410e-04
2.204517547152149727e-04
2.116101042014072024e-04
7.035218467736179416e-04
1.173913278241317133e-05
2.464587354006677342e-04
9.415371783254213728e-04
7.465315572336889182e-04
2.023574676595280605e-04
3.058363433690673683e-04
9.384051161034791374e-05
9.394902770649392343e-05
2.381460536728670658e-06
6.230606493356470339e-04
1.171794140531429520e-04
1.843621872769936169e-04
2.893642215105412883e-06
5.420951174030355689e-04
4.247415372781397348e-05
2.829180668615549794e-04
3.711146937455818938e-04
8.227548190710346062e-04
6.744696956493356581e-05
1.645989060051465148e-04
1.412360298575036368e-04
3.390237534921700080e-04
9.701805465372685515e-05
4.950938519265511662e-04
2.569021910596441132e-04
2.628980155817381729e-04
9.489643614638099503e-05
4.316902492981989823e-04
7.248406702075612480e-04
9.614097056743003359e-04
1.277143088965535527e-05
1.416732275519756723e-04
4.617193483507704726e-05
1.732498819758029049e-04
9.458414416407396306e-05
7.386083467772048248e-05
1.944219786383165035e-04
1.612150551013614150e-04
4.513016556918961452e-05
3.683885681706362283e-04
1.900776916473171946e-04
2.023844459963790280e-05
5.070432001674478198e-04
3.994652643874123924e-05
2.701130872277537071e-05
1.894349946343220237e-04
5.742546082141176955e-04
3.265340557839075102e-04
5.746353270008893550e-04
1.287412618791401080e-03
1.256769695460173955e-05
4.008008952543509426e-04
6.645460401834502765e-06
4.080920501363957762e-04
5.045734110964396812e-04
1.417058923362958371e-04
7.877064800597503033e-05
3.277074298428485251e-06
1.544494618998426452e-04
3.052432180092346523e-04
3.221499633214000070e-04
1.439686090116425632e-04
3.260248718305504148e-04
2.569039380109524977e-04
1.077437851843065315e-04
3.118837422302856918e-04
5.091055332871099287e-06
8.399311429748141224e-05
1.498493147630064254e-04
6.500490644210424036e-05
2.812782961579689096e-05
5.403750763833223584e-04
7.512713147113245704e-05
1.787399515552110072e-04
1.503898760289686717e-03
4.232871856390789259e-04
1.416543249378148645e-04
3.605140444278385624e-04
2.293505772654675962e-04
3.580080051482853812e-04
5.136190784283918325e-06
3.516945078155764520e-05
5.088632887237748382e-04
5.978751064680049758e-04
7.727931411789040696e-06
5.864806955474324845e-04
3.826964338089152459e-04
5.350522329667247682e-05
8.727938285634486088e-04
9.023323036665207957e-05
4.357714002918912670e-04
1.909114788653537445e-04
1.738703895058129730e-05
2.885180260777553841e-04
4.388819028151313170e-04
2.550176880203793451e-04
2.150963167310793948e-04
1.052910192342558222e-04
2.420994937924163875e-05
2.884891844616417302e-05
1.585348022504047224e-04
9.667341443578377673e-04
5.027601407863366810e-04
6.318924269775111823e-05
1.829100037777237888e-04
5.574029031593571168e-04
2.233428868895647357e-04
8.290922164345928462e-05
5.599968994980536203e-04
2.485634875564304348e-04
3.676066584735470408e-04
9.272543310659591212e-04
1.179928073661382911e-04
8.054222686664309547e-05
2.498348234884658877e-04
2.812801242144138372e-04
5.320860623116116685e-05
1.589673390723999973e-04
6.307902645993487215e-04
1.821383463682628304e-04
1.740634640684634703e-04
1.013775925974221307e-04
1.749956155418138639e-04
4.614767332727705176e-04
1.013057579764737020e-03
2.085105990548024213e-04
3.434536412917988182e-04
2.009763312765099758e-04
1.490399562900586222e-04
1.706496919243325123e-04
2.029758038973415583e-04
9.927062825426106378e-05
5.566349295310613586e-05
5.746954692486191409e-05
4.055931780489868406e-04
2.043112071204275688e-04
1.575758742446777309e-04
5.484540908797167608e-05
1.780750089028489765e-04
7.799859951657023066e-04
1.070110105863655643e-05
1.168070467993792268e-04
3.159686548558909977e-04
1.080188929429465620e-03
4.095694455647319691e-05
3.447226193776423793e-04
5.572775078362135221e-04
1.904658497350804087e-04
2.624911393625508553e-04
9.913222224162039642e-05
2.677855638404524755e-05
2.325848554272718586e-04
3.576996079892712384e-04
2.867787872654445239e-04
1.551270562307105114e-04
9.605867300631009916e-05
4.522755086276906809e-05
1.250212396321812021e-05
8.935364250684116804e-04
6.047877459488280654e-04
1.741157508999685702e-05
2.191200519109875081e-05
7.618344938538769255e-05
2.012045724178356454e-04
8.394177542458944362e-04
6.420486451777103454e-05
1.213309466838032404e-04
1.596680815546384392e-04
4.012638230409311204e-06
3.027488130946487486e-05
8.848863375064874501e-05
2.089453909877704389e-04
5.674754074282809565e-05
2.322147882652963893e-04
2.340888802610592470e-04
8.829431015598751672e-04
5.122615917879381727e-04
5.128236348613667440e-04
5.534312881017236377e-04
2.582837934091096184e-05
1.446179234045114254e-04
1.419386642090015156e-05
5.456855912022769302e-05
2.628771783293347084e-04
3.612323657656103587e-04
3.179144252267451109e-05
5.919945692396515609e-06
1.571609152273028526e-05
1.687060534807626453e-04
5.125819824115663940e-04
3.913274701745589161e-04
4.121060788712725513e-04
4.179088867453628316e-04
2.559299444229261639e-05
6.622009682398822552e-05
1.607520167946590152e-04
1.096932631634828588e-05
2.768000033230922957e-04
4.941050974214336589e-04
8.244584538394165681e-05
5.496463603050152840e-06
4.050499685120186760e-04
6.203205673263953316e-04
1.028923056733473281e-04
4.932783464415516506e-04
1.993372086529133532e-05
1.708589783016809264e-04
5.604906256266306563e-04
2.072353505777602055e-05
1.374724226377297190e-04
5.968654057097070665e-04
3.379814096911077146e-05
3.269712735299483224e-04
3.776433951226889106e-05
9.086946547797090609e-05
1.462296092759171248e-04
4.238125421077324704e-05
3.918037300725037294e-04
4.048360854165939347e-04
7.910037876098767343e-05
7.592853418468336691e-05
2.493888482152718019e-04
1.573292166375093342e-04
2.579981533906855755e-04
1.219786432641287752e-04
2.371540555181141942e-04
5.308634941857920224e-04
1.426802788159723980e-05
6.031614486171703294e-05
2.095340882777148534e-04
1.654932795659588797e-04
7.518528069028155712e-05
5.807904760199292856e-05
1.346197998545034785e-04
1.589975804816539241e-04
1.676433190898163718e-04
1.341634804451997606e-04
1.167801809144042969e-04
1.768422229948880158e-04
1.213908721102689821e-05
3.150217418245567435e-05
1.801099349491326195e-04
5.437955541332437060e-05
1.695434720450006893e-04
1.672117798169837552e-04
7.411428611975626711e-04
2.387026042930920258e-04
7.031337275547235987e-04
8.622363201658424627e-04
5.069307761221141136e-04
1.913487547511910278e-04
3.171635262101857213e-05
9.926674146973415720e-05
2.551090685221339303e-04
2.176379048163469185e-04
6.275753467132641180e-04
1.400988462483829049e-04
4.037678609646679117e-04
6.295535043278548766e-05
2.707891593223397573e-05
7.194672539242827250e-05
4.390590078301481633e-05
5.354478671892444973e-05
1.862510734363489507e-04
2.476536567527524186e-06
4.017540554420024322e-04
8.570406423182942767e-05
2.490147343649645479e-04
2.103142231057946821e-04
1.676042509511187076e-04
1.192739735137383130e-04
9.832047387792312187e-06
1.857962199604268610e-04
1.144744445959166706e-04
1.059316550390660517e-04
7.630436046749916428e-04
2.786935739748520185e-04
1.370867783147982667e-04
3.167936757485365551e-04
2.373463753879173117e-05
8.762489460872536953e-06
3.354547980164193882e-04
1.011952007168936442e-03
1.271707466968639497e-03
7.274661186705940396e-04
4.126757046648177503e-04
1.622988006781264582e-04
2.400069530010888973e-04
2.184764948250711631e-04
6.144818052859811822e-04
6.667921134407446809e-04
6.905599232318729904e-04
5.391861853807159973e-05
9.581713094417756006e-05
8.408186062586812430e-06
4.040594109420887227e-05
3.214706128515659061e-04
1.242051111073617627e-04
5.509246647512818515e-05
2.164366612565974107e-04
1.342669073962966017e-04
1.332217222500419634e-04
1.094842151930032524e-03
4.291440689583821323e-05
1.128135900474963284e-04
7.986195703678365031e-06
6.610876262231159869e-05
1.125511376479543143e-04
1.363537127423950250e-04
2.617256436416393137e-04
1.098081356751322928e-06
2.618308778169800262e-04
6.819510800378035097e-04
7.607928809464886526e-04
3.651449086559877184e-04
4.554671331562658884e-04
9.227215044962361183e-05
2.303746777719780885e-05
2.972575180787050890e-04
3.842623684808959709e-05
5.459706171075016067e-04
6.340629857125021970e-04
3.988380290330911630e-05
1.027587187241006146e-04
1.960944044514929504e-04
2.786249248497097222e-04
3.467504942435510731e-05
2.509194035741272021e-05
8.753113298250336403e-04
2.647979014826491013e-04
3.530745226385485292e-04
4.394927296739063521e-04
1.408669926066576648e-04
8.743626194900471795e-06
1.795837912653688243e-04
6.038446320780724459e-05
4.621328398120217362e-05
2.073756997350432904e-05
3.647274557481197779e-05
4.217066066983529102e-05
7.470616900133232347e-05
7.768760221166262051e-05
6.587912324269263806e-04
2.033750688195343779e-04
2.721957583143029647e-05
5.613521652147962591e-04
2.524929480527744090e-04
8.714805018908829094e-04
1.930997576771786769e-05
1.351394855996796785e-03
3.847997445263168594e-04
4.572393263400201832e-05
5.917011996118537714e-04
5.603434578784876599e-05
2.228525519660295507e-04
1.147199593020805861e-04
4.099322647007870509e-05
1.892422682211895911e-04
2.391077934686890139e-04
3.286453256766109186e-04
5.428218996346947418e-05
2.461739930603215045e-04
2.263190928641170844e-04
1.320458510818470470e-04
3.855841040374611141e-04
9.812527239512975404e-05
1.587358160148655598e-04
5.963881900860733970e-04
4.792119305873313452e-05
1.217696008243169539e-04
1.311014228154067682e-04
4.243724129869542815e-05
5.493197097162736688e-05
2.870673357218937066e-04
1.322123476677693167e-04
2.780062048194039174e-04
1.858668020084636001e-04
3.478654188920320004e-04
6.608109367978831465e-04
4.005188824015277582e-04
8.437981887762309896e-05
6.121736507175195088e-04
5.597036947684171456e-05
2.400022659436057708e-04
2.097046938563351841e-05
5.474619850725906590e-05
2.137462791103319904e-05
1.730328171303659678e-04
2.648619045768192356e-04
1.118752883733802511e-04
2.059850579464259784e-04
6.601244122066132953e-05
2.228019396175517713e-04
2.443056599289931247e-04
7.857296484894240370e-04
4.692111597087766711e-04
2.102980262110234078e-04
1.190362199882798679e-05
7.316794095688542538e-04
2.712488188699619393e-04
1.123342348928244418e-04
5.379156089794209566e-04
8.230237163836798730e-05
8.024848809271265839e-05
9.406793641197097903e-04
7.412335969562272846e-04
2.619499173557189847e-04
1.539972619730276991e-04
6.292925212407218273e-05
3.698564102993885986e-05
2.790031758112249518e-04
8.502341170534817398e-05
1.474242500153240124e-04
3.144004369459445399e-04
2.329373424011015406e-05
7.152384944347177896e-05
1.170576153631653320e-04
3.430119036118648031e-04
1.605181856444298319e-05
1.660251228915769978e-04
1.115457123101939053e-05
2.786658609450855034e-04
1.587823886036619433e-04
1.485915079152313860e-04
7.509950066872283147e-04
1.155236139294375049e-04
8.103442615668312698e-05
1.456190331200584972e-04
7.645339310620770932e-05
1.537401181201062544e-04
1.062678039152181177e-04
9.762718907816771716e-04
2.910528842071679714e-05
2.581634401709508508e-04
3.450656567114210056e-04
1.587338238441788165e-04
2.651568429630900511e-05
9.355170423194561751e-04
1.595875225640516976e-04
2.359339750041246841e-04
3.001821878671248178e-04
8.040485043149492002e-04
1.576747492304414770e-04
2.305308978947550111e-05
8.614697928562368697e-05
2.618941746554702792e-05
1.835342107916075523e-05
1.523975505707491458e-04
9.007075672823470407e-05
5.621197740552185524e-05
1.717804060137988198e-04
2.607935620855918787e-04
6.880189956630455936e-04
8.759230469781350550e-04
1.216887362038631353e-04
3.388672214053365219e-04
1.891424000651210587e-04
1.712763647281560070e-05
1.320784954971613049e-03
1.597540885189694597e-04
1.242154369517362977e-03
3.042237081433494107e-04
7.404926284723011487e-04
1.854604070231882145e-04
3.868794303660494046e-04
7.079035657151884410e-05
1.639287950591627183e-04
2.163727226318990296e-04
5.338422453218506997e-04
1.091619745966995611e-04
4.806764882705993577e-05
8.266357166590641674e-04
6.209551458925760115e-06
5.489109406417000576e-04
3.254594378384599075e-05
6.796343979013640168e-04
1.982565074329102392e-05
1.431694084709085298e-04
1.168348429937617506e-04
4.395545656092557104e-06
5.472689622173629222e-04
8.412851579636142414e-05
9.806471917766972969e-05
1.744507317294302119e-03
2.669832128996874171e-05
4.545787412887955081e-04
1.468197414253223870e-04
2.699119265102308527e-04
3.418833007933282531e-04
4.184993895096164205e-04
2.726026845138305901e-04
4.407529731437362863e-05
1.084082202723798000e-04
3.427306598157121788e-04
8.367165292769920425e-05
4.092632288880359269e-05
6.317814830431478946e-04
7.435214001942577258e-06
1.331903313223712216e-04
8.310050868349528599e-04
5.924569462355832629e-04
2.383711929704189665e-04
8.039315422831383679e-05
2.271049825891716752e-04
2.939618647543988661e-04
1.223536249300116415e-04
9.980024471097803012e-05
2.519193971575984462e-04
3.073087055802558492e-04
2.156696965323384371e-04
8.732114080137068444e-05
6.728342649338931586e-04
4.487957312394658311e-04
1.619859991934136659e-05
1.705699900605601191e-04
6.346425289764623910e-04
9.424118087035109363e-05
3.992493144647948737e-04
5.750672896449373630e-05
5.307363831828457325e-05
4.290751054280963280e-04
9.242355797841417069e-05
2.587054513857921039e-04
2.647347008589372684e-04
4.317302839485062161e-04
1.714741992825000801e-04
4.698043915374129414e-04
2.136020916740496913e-04
9.838954411107788019e-04
1.420903720012405653e-04
1.185475229465716139e-04
3.381947016809042929e-04
3.683593686083021538e-05
2.354307435734972228e-04
2.128442787525673175e-04
8.877114480790284561e-05
1.435447294481417076e-04
9.675302174193458477e-04
5.853913941608330888e-04
5.328859578017756813e-05
2.949310903840626601e-04
5.384891960475904479e-04
1.602454726033431735e-04
1.297766459194993772e-04
7.597305433547061097e-05
1.140402423096905542e-04
2.524088176388361465e-05
9.677001881503268562e-05
1.593582588660730421e-04
3.980741708681234670e-04
7.869649504548747933e-05
6.912328463216887672e-05
4.120930578860317831e-04
2.874526171715890608e-04
1.118291174476770071e-04
8.498168180696607425e-05
2.412959759101437798e-04
8.808049019125502579e-06
1.904147452540614217e-04
6.959898202770675637e-04
1.586772027805029186e-04
5.774381241780075677e-05
1.615326063738020115e-04
2.629323215322212134e-04
7.434965397215327501e-05
4.086019726361638974e-05
3.560808742670929037e-04
3.869896728904730684e-04
1.332559435037507973e-06
1.352182423038108847e-05
3.862282489783431128e-04
2.938269544357432366e-04
1.122027510363311389e-05
2.883114884820253080e-04
2.665202680283229497e-06
3.338433129755767788e-04
2.758750161836107096e-05
8.686377552363424431e-04
6.031790139023984919e-06
4.613220646007928096e-06
2.969204902803598454e-05
1.437233692918424462e-04
3.916113247471008350e-04
1.997216564066584736e-05
1.479199105955168411e-04
3.254171229488520456e-04
1.921375662768265847e-04
2.987901495477220898e-05
1.865774805901047938e-04
7.661105259508002412e-04
1.750234518279454002e-04
7.001927622983050801e-05
5.280357402692521156e-06
2.580274066640405239e-04
4.679713777301547541e-05
3.160464298895645954e-04
4.574191626808924989e-04
3.424690741034659073e-04
2.144261814134292921e-04
1.519513460941402809e-05
1.680505084328479798e-04
3.971796195765104308e-04
4.935459119449564313e-05
3.736285332283614032e-04
1.361085027402822792e-03
7.127565082273977384e-06
1.745906597306676048e-04
4.852833317899427784e-04
2.911319744067795761e-04
3.968379022753635091e-04
1.442095502863098338e-04
1.000010724734243364e-04
1.085656281132295478e-04
4.750620863808175374e-04
2.882098170247728605e-04
4.276969277242163837e-04
3.758596552784980015e-04
7.691448302778268855e-04
1.520818892118540073e-04
9.713765997842502113e-05
2.956409951522631071e-05
7.337366941713856531e-04
6.408499843822041981e-04
1.054062311496399427e-04
1.596512709303835628e-04
4.963272990504208945e-04
3.757662023858525770e-04
5.418760101950296625e-04
1.070990512147720734e-04
4.065178685675481908e-04
6.375481111074323250e-04
5.498576880876830273e-04
2.206191846049015113e-04
1.098998947002678244e-04
3.640629729002449705e-04
4.254315881851780667e-04
1.156190878970678307e-04
2.795554496163865101e-04
8.479591331569905511e-04
3.219570694002377886e-05
1.872763694136310875e-04
1.005502627328686959e-04
3.771597217770603457e-05
4.236814521255251949e-04
9.049492217253586124e-05
5.627903087676337996e-05
4.030931849615003643e-04
1.159522755843007177e-04
3.984000417077490511e-04
3.759851815737488335e-04
1.563615693803099862e-05
2.556455484498534945e-04
6.782498682102117225e-05
6.212289730414524615e-04
8.880580745655807884e-05
2.522300139506084525e-04
2.224976755236625012e-04
1.808637708151368908e-04
4.595619362523002292e-04
4.424222995213605001e-04
1.193029396686110194e-04
8.522162723895054695e-05
2.050938574376127423e-04
1.898279523362072596e-04
3.034782131242915273e-04
1.002552844479094352e-04
2.216419026764574677e-04
5.243938290755416505e-05
1.744013590342304324e-04
6.157515044267542663e-05
7.998962481706517534e-06
2.228988994691589510e-04
2.728919630617593958e-04
3.320785074819353547e-04
9.463377167557092309e-05
2.388257153209025728e-04
7.787019890530536470e-05
1.252779058325735010e-04
2.910526211531666400e-04
1.925186987686626180e-04
3.523488795554613636e-05
5.262145574464481024e-07
1.948581859403932469e-04
2.780845869090831850e-04
6.559826120243903639e-05
8.692395121179746038e-05
1.281897817150746586e-04
4.686866588162941672e-04
1.259130118860159794e-03
1.223733385932328265e-04
2.370764466395123128e-04
2.053612662281810897e-04
3.862531904597072264e-04
9.150311700338852614e-05
7.042575472345224974e-05
4.263859560795104877e-05
1.071715039936337136e-04
9.064748840048138983e-04
4.527272907960947954e-05
6.060777535221894196e-04
6.067173708164755059e-04
4.933762993256160653e-04
2.536877764387842509e-04
1.610465250577603478e-04
3.794864305204547947e-04
4.057764911437143477e-04
2.328595714310690494e-04
2.221969119627054983e-05
1.909459999066611682e-04
2.476624401867883544e-05
5.279891999162031151e-05
2.250303893961126634e-04
1.479472749035986353e-04
1.065095149712439176e-04
6.099148921237114679e-05
1.580766562013870334e-04
1.443581155177777462e-04
3.484309312620752631e-04
1.441595071586809502e-04
6.620697647496229417e-04
3.029542494593645002e-07
1.388856250171270797e-04
1.864781912428568227e-04
2.267605201908589523e-05
1.432905135576794959e-03
8.057500052321136402e-05
2.296432974730250234e-04
1.546864090705797807e-04
5.274868631404541411e-05
6.509953178658088395e-05
4.329714220120233479e-04
2.082998237813126201e-04
2.388048216634777753e-04
4.365149296792784819e-04
4.554553984094586992e-05
4.076992657896101298e-04
1.382736465944037066e-04
4.658726545203237100e-05
3.040857577351485522e-04
9.154829411419741823e-05
1.297049926797793013e-03
1.669780213838190043e-04
8.247152589827603478e-05
3.301605514531788261e-04
4.226411554069360935e-04
2.564058753597352544e-05
2.320732150990405880e-04
4.320393343427547097e-04
5.568237381383611077e-04
1.678390772359437727e-04
1.393350189119695721e-04
9.240360010333676332e-05
2.230672308331924694e-05
3.618369668808790003e-04
2.617239807117603917e-04
3.967449358340107297e-05
5.636170315816330144e-04
2.158602433515540060e-04
1.128920599598134028e-04
5.144968022463919594e-04
9.318223625918795733e-05
1.031661690778229988e-04
4.823829619478239720e-04
2.949242315712377279e-04
3.585323285772796988e-05
6.564305627730351519e-04
1.091725481931969227e-04
9.638956741497644275e-04
1.375733097647383204e-04
3.093004544106294417e-05
2.071018066686279265e-04
2.937585723827338497e-04
2.055283070394661054e-04
8.619762138170291611e-05
4.783321395488877316e-04
7.223086028432800529e-05
5.376135110938604208e-04
1.173692899179688305e-04
4.468606702607740618e-04
1.750791591716172610e-04
1.663222874500139845e-04
1.362781218871118253e-04
1.065844189038183662e-04
8.065758211719869304e-05
2.213704225889942371e-04
1.798136828645248485e-05
1.424553917145758867e-04
3.990761083762592597e-05
6.796295829841304608e-05
2.338071480367267499e-04
1.705136061726557838e-05
1.675606964674035263e-04
4.734039317904311164e-04
4.974881518705063285e-04
3.196803334341056591e-04
6.704527992249027682e-05
3.743102617897343530e-04
9.792256443926864178e-05
1.743782233635918265e-04
3.018031307886365503e-04
6.163201728828917670e-05
5.271182157264975960e-05
8.535552311674465418e-07
4.331271487951445561e-04
1.999906382924000964e-04
5.418208804547127447e-05
4.655463711721397540e-05
8.793877631281722283e-04
9.885290046429354854e-04
5.272350413692738135e-04
5.539523476568487554e-04
2.204366999711678216e-04
1.655328383765624278e-04
3.584322301420317337e-04
3.066325805886115308e-05
1.958092678608510858e-06
1.049482983284408206e-04
5.464042139345717808e-04
1.876462792265340103e-04
3.121661886642344147e-04
1.993208269690576541e-05
4.366074364706565086e-05
4.784864596495751895e-06
3.168872021710458721e-04
1.886271933224227082e-04
1.842518165885373980e-04
3.632681329670291301e-04
4.476901540848404320e-05
3.373931267213934398e-07
1.015346492200520662e-03
4.463627157547224791e-04
1.404438003505665796e-04
1.054519649124405206e-04
1.741928227587580843e-04
2.297771155771561550e-04
1.278339240605118321e-04
1.205673540009294132e-04
5.609709107187163735e-05
1.068236206717264240e-05
7.028670672122270266e-04
1.402328482782062586e-04
2.489853836374198145e-05
1.313594362586679987e-04
1.287029356714347432e-04
9.900631460428592403e-04
1.892050959626404103e-04
2.194113776833281110e-04
3.925449545568069579e-04
2.772330562923103179e-05
1.141346745164311961e-04
5.290394747931044918e-04
2.857912011604492347e-05
3.015346009885984087e-04
1.068454368510718210e-04
6.296420787138914434e-05
1.707844430180618207e-04
3.012582505512986699e-04
7.527085805360993805e-04
1.185824341748271645e-03
4.164216382843137661e-05
3.620885426441494432e-04
2.162386022668839056e-04
3.289083319427830640e-05
1.799453871335241709e-04
3.801071694727422884e-04
1.581632061687577760e-04
5.170337453702666692e-05
2.839874116708948864e-04
2.607906116355440803e-04
2.414899898434209381e-04
2.283698361549684472e-04
8.199834611304792189e-04
6.129301100213890548e-04
1.794457073585210144e-04
2.096872212749730489e-04
1.868347835091943262e-04
4.772131219365426227e-05
2.920594009318499859e-05
2.674029898102476253e-04
1.897037359737633743e-04
1.780458910080735769e-04
7.181125115454729444e-05
6.880001314427617578e-04
1.099914651577880721e-04
1.390829419973087233e-04
4.026638759057327545e-04
9.086775162871500635e-05
1.223791368671855149e-04
3.688008260892674036e-06
4.519552420690133991e-05
9.760035932965095500e-05
2.253384519596096603e-04
4.691620764127868155e-04
2.069558024337130498e-04
7.817621256630581661e-04
2.243662417271550700e-04
1.324168140324235546e-04
1.019867231364434622e-04
4.112827749434944222e-04
1.593440216962681657e-04
1.341339744561287556e-04
1.288016632353360927e-04
7.619070338192534229e-04
9.789326954968447252e-05
5.252522491948025205e-04
6.780489055502771220e-04
1.035751004561442706e-03
1.787184792243658030e-04
2.958495284242633775e-04
6.502375581515182921e-04
2.055903480799009910e-04
7.700124575172096505e-05
1.316796599571213114e-04
1.513424592203241228e-04
1.309504717349604052e-04
1.093878936158115172e-04
1.432337124108227328e-04
1.107704104404385925e-04
1.655646083613809138e-05
3.804189154749720771e-04
1.011258152978256758e-04
8.100676239717984192e-05
2.138761513084001050e-04
1.463494668036604412e-04
2.210589996415411986e-04
2.991840639192118022e-04
6.419430279504630870e-04
3.979522507910467576e-04
2.567979462611892660e-04
7.311239912065197486e-05
6.595299166315584240e-05
6.558810679496959771e-04
3.457233218653959453e-05
1.947808663560416233e-04
5.416697454685962974e-04
1.129116060609855265e-04
2.707724626840207782e-04
4.325152542745209285e-05
3.248124046098142467e-04
1.477193060282425282e-04
4.724423272217268747e-04
8.936770625642259376e-05
2.074332905071378812e-04
4.479639591205241658e-04
5.929657248791489867e-04
2.189348289040770246e-05
8.409979677502668702e-04
2.069399209865246727e-05
2.238809215736308074e-04
2.290628638692420604e-05
1.405668900529643368e-04
2.942068108537370004e-04
1.396088883677145645e-04
3.789816612229143355e-04
5.453136071675912305e-04
3.712463924854813874e-04
7.162760361491369177e-04
2.315467467721743532e-04
1.353904613312365208e-04
1.841850039230061385e-04
2.477943843843824164e-04
5.419494349158274302e-05
6.951680699717026357e-05
7.897688885483725120e-05
9.890278779682833230e-04
9.542243132088905490e-06
2.187122469023769099e-04
1.234492242776685051e-03
2.531766227771183647e-05
1.321632214231301041e-04
6.651571745599223586e-05
2.026658832557946604e-04
3.038879730471902123e-04
4.464512596445844499e-05
4.183406689529916970e-04
3.296476486713890335e-04
3.686454513303295057e-05
1.691251625409602964e-04
7.693946943506644893e-04
1.821138636433632281e-04
1.323679693593158408e-04
1.352287910563544139e-04
2.096755198511126921e-05
4.033265065063603664e-05
1.889344216968265371e-05
3.496263110754586353e-05
4.009067969241599905e-04
2.541105265383741992e-04
2.535970363610221489e-04
1.033106869987400126e-04
8.134990318203236097e-05
3.268265529000114237e-04
1.416147973466328142e-04
3.681851917219034214e-04
6.594737491052663902e-05
8.139071810585081371e-04
4.945204936978717840e-04
2.942790995775119186e-04
5.414342795235228654e-05
6.513331393888915216e-04
7.081252831955433646e-05
1.137749432450473074e-04
5.482694587358076733e-05
3.505359837919795390e-04
3.067952670192168022e-04
2.063963727459006809e-04
2.827923669490899007e-04
2.050840900582403419e-04
3.432195227576158086e-05
1.058128012597077898e-04
8.538177777363071196e-05
1.802796940274366787e-03
1.675643640577500213e-05
1.331254093137404233e-04
6.261763860509519377e-04
1.647345326155162377e-04
9.245454867620447935e-05
4.430382637612222639e-04
1.178644289600835608e-05
3.574561933791128268e-04
1.057722395936214676e-03
2.752011291780406973e-04
2.208949123371902953e-04
1.815956986045443023e-04
2.130456857823148642e-04
1.105218411858230722e-04
5.922029754111716527e-04
6.734854110750287330e-05
1.048091249113321921e-04
2.172818844625149415e-04
3.193295450807768793e-04
7.445868456895056908e-05
4.519517245942286090e-04
1.238433414094699224e-04
1.872802452121338107e-04
4.148715976319067777e-04
8.214817560974619747e-04
1.014275669010013378e-04
1.862216432326790598e-05
4.015426498580916271e-05
2.240739489178887990e-04
1.953702202491777230e-04
3.919641183303618562e-04
5.831877768876781972e-04
5.378865449217596316e-04
2.774210562355782861e-04
5.340733498377011603e-04
8.835195253968361267e-05
4.886428172622186490e-05
4.925211358981101441e-05
4.987795259564956714e-04
8.923756252700021363e-05
1.472815066119545914e-04
1.317470136140528486e-04
1.450156474409115858e-04
8.781611158736166069e-04
5.083837202255755234e-04
3.519940282996239880e-04
1.481697227752644950e-04
7.460878510745338869e-05
7.813260651537866830e-05
1.611148729975161174e-04
5.916575137344255687e-05
1.678041426982486656e-04
2.081659371722580478e-04
4.961500637198105676e-04
1.006297967267930890e-04
1.157941349455987861e-04
1.032724564920534913e-04
4.477284896372104900e-04
5.786436005654642173e-04
7.932667230158491675e-04
2.993500322033413783e-04
6.476947436588492723e-05
6.896170226051062712e-05
6.727778414342621641e-04
3.507556252067080857e-04
1.034150354694623536e-04
1.921867597790551606e-04
3.083278172102299377e-04
5.733242237239065964e-06
7.433065141202180521e-05
2.333217585498819084e-05
4.017493306518909232e-04
1.235442942143794574e-04
1.737043403403592504e-04
9.681050222401305154e-06
3.507053474152778753e-06
4.334391167107133950e-04
4.350536191732183090e-04
4.424890781322199574e-05
2.126328915287832046e-04
6.513703793540612859e-05
1.185260506441434435e-04
5.741266692640493568e-05
9.980321935752643943e-05
2.243010782718272988e-04
1.775166559910647040e-05
5.947540234538070030e-04
2.785725723479350190e-05
2.179681762965856445e-04
3.150016948936520348e-04
2.920366210608548170e-05
1.332593988395458550e-04
3.315195856341172589e-05
7.338389099209470783e-04
5.660213325428199889e-04
2.859753256125772101e-04
7.314870984361274793e-05
3.525303884978430412e-04
3.121540757120965653e-04
4.963515084332523327e-04
8.080607279836293094e-05
1.563334939869085436e-04
1.480881424537009306e-04
8.083358108188185313e-04
6.627139522274175720e-05
9.505228720306831006e-04
1.662933416931934355e-04
2.359381017075298120e-04
3.287420793857962539e-04
7.986522970806170338e-05
7.742914983242826397e-05
1.703392436582479936e-04
4.862022449719813713e-04
6.258228957469663461e-04
9.540544301134678965e-05
2.815675616520751592e-05
4.438049778387571584e-05
9.711522411296834691e-04
2.539446446181973420e-04
2.083317641725642788e-04
2.314894714667616602e-04
3.821966620622471050e-04
3.679847960255735068e-05
2.876907557562592287e-04
1.898352660379584147e-04
3.710746726397404341e-05
4.669189781393771974e-04
3.203083847970026894e-04
1.040838260992042605e-04
1.483521308435474448e-05
6.041536890426551414e-04
