5.967091927173405214e-04
3.821132142675222961e-04
3.312638177682307797e-04
1.378598946188261452e-04
1.163706198086127174e-04
9.462619370112281556e-04
4.328696445781835315e-04
1.786342870270365762e-04
6.196993263738679583e-04
3.195590359085149525e-04
6.630767837537658452e-04
2.770689463193552315e-03
1.576521797905238624e-03
4.334532594481537555e-04
5.913348035650253928e-04
1.950278566147360822e-04
5.672906266494921962e-04
1.075297703978068562e-03
1.513156108713138411e-03
1.554952099564210787e-04
4.025311091840044742e-04
4.679958839292416313e-05
1.083652836781305974e-03
1.020370622461994536e-03
9.256384478889023747e-05
3.747883333667502512e-04
3.228624496720632975e-04
1.906908896819463917e-06
5.017048124839734984e-05
2.998313384431404525e-04
6.642619556563841886e-04
2.043016425204022203e-04
2.317276956231667067e-05
1.290412211205894466e-03
3.700451125407335667e-04
6.930991650970381177e-04
1.992321202394544723e-03
2.825537262998797797e-04
1.004047677994850032e-03
3.132560711265688653e-04
4.847018381999390970e-05
4.504275659397874269e-04
1.378704152214998329e-03
2.539617917280870382e-04
7.426985098568733784e-04
2.021092235087291967e-04
2.687971177807461291e-04
1.520637227373250629e-04
2.134509223643092906e-04
5.205594074378045111e-05
1.255620113965325284e-03
6.256530511191480803e-04
2.888875750393642369e-05
1.411901210169061536e-03
8.440004346627170842e-04
1.170008277908492385e-03
6.306279069220286108e-04
9.932772128430422199e-05
1.705858558195218330e-03
7.505471051138779242e-05
3.494899396776464861e-04
3.731119978709840709e-05
4.089629874774791674e-03
6.494018415123469726e-04
8.124141317761045592e-05
1.305410361201081752e-03
3.127726873323616926e-03
3.629903293853681484e-04
1.200247110299863823e-04
6.930029505920012357e-04
1.127312690240949355e-03
1.963745453385679508e-04
1.046586911485620011e-03
6.081739174286132687e-04
3.252597204672550259e-04
5.876052628620292853e-04
1.050549234214480723e-03
2.908938272338037773e-04
7.224784255254666733e-04
5.645786532132765880e-04
1.952615943759161742e-03
2.367491381187357066e-03
9.714754713447857574e-04
7.284764471797004239e-04
2.074798859315924609e-04
1.595773405169232132e-03
1.629937754343821921e-03
7.454785279522569384e-04
1.194590074074493785e-04
2.732946765722120354e-04
6.839592059684734392e-04
1.216896404267831178e-04
2.241780825210557514e-03
2.945848617868922281e-06
2.147420061162993597e-04
1.940887792385232922e-04
1.745526776612028603e-04
1.749457143170137800e-06
9.912790432603362791e-05
4.807538171328955777e-04
1.828515448628669111e-03
1.259311307517394082e-03
2.301793558872675029e-03
4.239278570259370944e-03
2.996014082090131753e-04
9.419388867565917870e-04
6.260199183315447169e-04
2.992253696914679993e-04
2.023879171879122609e-05
4.134138356824534205e-04
4.771700016743763090e-04
1.287597970978745674e-03
2.653153865651687268e-04
4.418311053837052941e-04
5.744469205820485749e-04
2.166218826419467121e-04
5.976904946254919370e-04
1.346889576392885446e-03
8.273566533512641610e-04
1.213446024282120879e-04
2.099507949071294666e-03
1.073357323719488325e-03
6.117670089570773073e-04
2.639850420069646394e-04
1.448832205086012567e-03
1.255646638615806123e-05
2.609066288610181056e-03
1.010777975117759599e-04
3.890802885067102569e-05
4.726986754417952341e-04
4.814229571716840484e-04
2.621824967892299758e-03
3.655411254972108109e-04
4.019565545796970236e-04
8.712279518179738558e-04
4.118555468814211499e-04
4.626640822409548509e-05
3.774394586632299846e-04
5.458671921041414153e-04
2.081650839302905977e-04
1.414181195714657186e-04
1.251318523476923012e-03
2.220783317269703393e-04
3.011628332209573191e-05
6.845411804961896811e-05
4.404178839205034098e-05
3.607217564818984896e-04
5.723167224787013770e-05
2.492604633010343730e-04
8.206390741778836311e-04
8.813922819210751828e-04
1.603070722176695674e-03
7.441338286867146389e-04
1.151460243363210427e-03
7.196657917693092708e-04
1.134144098377060041e-04
8.493561801599316822e-04
8.902730852445182776e-04
9.234967743190695792e-04
2.429387321835065029e-04
4.553601179891996050e-05
1.130030711071765455e-03
7.045884199160197319e-04
2.632322698386559937e-04
8.118401182095415268e-04
4.728573044231307223e-04
6.884672090120399959e-04
4.257203993967049820e-04
1.257135327791893446e-04
2.473735143516984231e-03
3.599322545511495094e-04
5.716434083383425653e-04
2.294908461284794559e-04
3.275217645109763866e-04
2.749318010304102025e-04
6.603651062099812367e-04
8.480938792291677292e-04
1.404674362862902339e-03
1.564314399605396541e-03
5.560417540351321420e-04
1.377484294461372169e-03
2.188764443616204804e-04
9.027682620898708297e-04
3.909401681469602710e-04
1.655824955338624799e-04
2.701187858935149427e-04
3.771973062163248532e-05
2.414154731702491626e-04
5.978796127050719941e-05
1.097189009520160852e-04
5.755549223848709962e-04
4.967247176110385680e-05
2.538135325705708888e-03
1.104150488953957758e-03
2.761161061972935505e-04
1.243522385189500899e-03
1.227337066542459696e-03
3.541967692341908120e-04
6.317793896649175848e-04
3.598619682365450877e-04
1.230210452830770250e-04
2.001453469022685099e-03
7.857493790320267679e-04
1.058443565754418062e-04
8.602641838198665705e-04
8.850357510504379323e-04
5.313212425055789358e-05
1.924129291859388174e-05
2.182687890941505408e-04
1.836299871492562798e-03
4.117992833125080215e-04
1.007139754407534212e-04
1.179041673984739793e-03
1.612857443984644173e-04
1.647504899342023589e-04
6.035637313787789318e-04
1.621366381985685711e-04
1.987145638903353132e-04
1.166854525977345573e-04
3.049567653440480642e-04
6.378152233549391628e-04
2.560458223358104955e-04
2.087894096867138737e-03
5.182769771063173211e-04
1.367205047529629835e-04
2.836495891100196854e-04
2.395426591383987875e-04
8.008568215393292592e-04
6.264808131073956558e-04
1.324696990105291581e-03
5.808352301899261799e-04
5.853598159299183874e-04
6.051404531803308232e-04
3.690011367782935927e-04
1.663958254359144799e-04
1.303806906376315925e-04
1.173186111261901058e-03
2.705013033805451529e-03
1.377071272678724167e-04
2.245569533984623331e-04
4.590703525997410247e-04
4.184036853487360132e-04
1.435829423075636602e-03
7.931197890456783849e-05
5.578799041024952920e-04
4.813955079889062783e-04
1.605413506280938809e-04
4.974336714153074993e-04
4.467384080029332145e-04
2.392729509620064696e-04
1.221115644168410718e-03
3.237969382271154665e-05
6.765316092531254528e-04
4.106894980796187253e-04
1.289471659723517990e-04
2.977027606992880692e-04
9.767715360203656563e-04
6.043029101166187082e-04
1.976650113967513259e-04
4.445162452526578607e-04
3.401079652863577647e-04
6.820726003545978878e-04
4.132378208866503222e-04
2.533815208894407874e-03
6.306950895770818818e-04
3.543279978319899791e-04
7.885574606886277139e-04
6.568254143575546668e-06
3.278228846981158929e-04
3.662275926523638186e-04
8.396038144678007837e-04
5.591207486313142482e-04
1.180674664805056754e-03
1.648544637718937225e-04
9.770623073251695761e-05
1.768579276054132890e-04
2.639820487525900263e-04
3.844773814065298250e-04
2.264075636689538544e-04
1.152677179819452252e-04
1.618999232651375901e-03
6.015691067579307695e-04
2.728336942956594794e-04
2.024543185843448879e-03
3.749436047297235092e-05
2.474368014425821537e-05
5.869663710010071143e-05
1.500702548829235990e-03
9.883915421539322932e-05
7.428376087045455252e-04
1.067602927419728865e-03
8.426807086063480261e-04
1.172270157686128907e-03
6.068346379018920052e-04
1.339993874845807331e-04
4.990492647869045322e-04
2.992770719982953205e-04
3.859664536242933043e-05
3.585861610541570292e-04
4.473317147735341196e-04
5.565070288362887474e-04
1.454955300222385978e-03
1.984551027863149105e-04
5.883731157217311335e-04
1.408178490117230385e-03
3.119352209173874117e-04
3.324818091000677372e-04
9.198149593542653260e-04
5.866851362379086341e-04
2.354618689887394336e-03
7.451367046594310956e-05
1.794375988498530172e-03
1.081266925442818106e-04
2.917514300969609544e-04
6.382687207443239188e-04
7.013984811418752247e-05
1.469353085037968269e-03
7.780819510653799265e-05
1.198954156510699488e-04
2.096466492808143640e-03
3.672835881106126048e-04
1.520206792536071892e-04
5.832960016962985585e-04
1.874888973413772883e-03
8.745047537751727195e-04
1.996813312884238543e-03
8.499440085634660366e-05
2.694116280404870202e-04
3.318658193124905003e-04
4.660398270606105507e-04
3.793459251753986475e-04
1.590257569504122332e-03
3.274344296030062276e-05
7.900796234429992206e-04
9.722600562286663273e-04
1.197256654842681386e-04
2.936821924203492445e-05
1.032069620670537360e-04
1.389082103068142379e-03
2.319847102006968563e-05
1.127957794638024614e-03
3.859812302374754367e-04
1.203700230363364924e-03
1.333168713259284561e-03
2.244799079764452814e-04
2.798353737281317004e-04
1.305114042272639829e-03
6.185981972116408323e-04
1.911328204571305649e-04
8.974438176638015142e-04
3.500256060410855989e-05
4.601004393879486220e-04
1.044570039928479016e-03
9.501149050340514492e-04
2.612484999418767458e-04
1.694139680808930170e-03
9.016548511924654674e-05
2.178285955440066330e-03
2.008425807811775103e-05
8.203828018477741396e-05
1.367246097796197485e-03
2.265436887623765083e-04
2.687491194980598259e-03
7.013632854303863441e-05
4.321189523451411684e-04
1.295547891508985749e-03
1.082863564180293130e-04
1.040318071202519720e-03
1.116548512040810336e-03
6.197420225155683519e-04
3.503620980462014787e-04
8.595333152404495197e-04
1.621480280880635116e-04
1.865698673093900114e-03
1.089308469527128942e-04
1.263340829592455526e-05
2.857605821185763527e-04
1.807821093063762517e-04
3.150754536861193950e-05
2.667917082845651681e-04
2.119070071100978591e-04
3.480933183611968911e-04
9.696555643026608454e-04
5.854584018989406318e-04
1.458631746842813451e-04
1.929398599618017377e-04
7.764025894651032050e-05
1.743370363110362253e-03
5.880994687924030306e-04
1.050443647251676597e-03
9.208393056313280908e-05
4.126657726945196902e-04
1.140146969699774827e-04
4.929772987892513903e-04
5.190746145793455422e-04
1.077517451153753737e-03
3.525627518256539282e-04
5.473314592269232746e-04
4.687276761116790673e-04
9.254892351388772703e-04
1.944883166692577391e-03
5.571684616043490667e-04
2.417348462565623572e-05
5.620372675777233649e-04
2.390806113643399256e-04
1.094443792912559894e-03
5.120450124222747238e-04
7.031273382665230334e-05
2.283057988302699347e-04
1.278174631682937705e-03
4.443786130537435595e-04
1.523873105565003161e-03
7.084272325043481028e-04
2.459247923503389988e-04
6.170768896288720195e-04
2.369501220344026973e-04
1.193040509468926711e-03
8.098737143322728201e-04
1.383421938260640427e-04
1.338544076327327593e-03
1.546994627273114197e-03
6.106141883317726948e-04
3.652866478574146188e-04
2.307226492257438211e-04
1.049380822132743758e-03
2.077994287885718357e-04
3.298005552183485038e-04
6.483074293156529996e-04
1.124084689193938051e-03
7.786131275655960469e-04
1.075014872575492334e-03
1.406704174677916169e-03
8.050702460321967265e-06
4.220405816913031351e-04
7.919564061219237609e-04
1.259263223712873145e-03
4.058267533761092459e-04
5.090531883126940852e-04
1.638177120966509371e-03
4.653844934889011663e-04
5.386005063575639244e-04
1.133479146549986726e-03
7.547330324350292165e-04
1.025250962490486953e-03
2.985177216223141271e-03
1.356127785336863189e-03
2.326962837248425394e-04
1.744655615013248348e-03
2.237517584548732942e-04
4.141871259160134257e-05
7.750842456227143820e-05
1.158955248052756428e-03
4.493965287069945445e-04
2.862352065687816379e-04
1.235655797856854803e-03
3.480518763246385518e-04
1.130707566175837009e-03
1.632252851817538649e-03
3.550122664328078724e-04
1.063359519911029208e-03
1.093829040711590938e-03
1.624816648749595233e-04
4.369575690228956672e-04
3.257235643858069542e-03
2.455914667511525668e-04
6.999142781659014939e-04
1.382079721692124551e-04
7.582047014805299743e-04
1.379993427660929821e-03
5.072796224553581101e-04
1.619856729176579445e-04
8.316342009445305871e-04
1.404634992906264352e-04
1.017069326355735407e-03
1.569377795888711978e-03
3.219988399641847979e-05
2.072755011492340870e-05
2.763884779885372842e-04
1.619708024416374390e-04
1.364859571007160559e-04
1.966392204698640708e-04
3.141490981490887950e-04
2.598112683029834918e-04
3.851155644119466301e-03
4.281028139538929492e-05
3.154189273102025104e-04
3.419423948692201803e-05
2.742106099573943180e-04
5.612724835508550671e-05
3.733855827868784384e-04
1.783476370695106757e-04
1.730138452828168234e-04
5.943532041948753567e-04
1.541358001548557720e-04
6.548057309235582810e-04
6.997581819580955950e-04
2.169344732861014249e-04
2.259827524152291400e-04
8.621139640847659899e-06
6.137354187812279213e-04
7.354362311791426800e-04
9.858156543570573832e-04
6.026111130752664566e-04
3.572332403397556247e-04
7.388628752562912327e-04
2.222027456439986184e-03
6.638416561382235901e-04
3.466012829084636751e-04
6.210741907696720829e-04
1.234691046973136644e-04
8.115400091829624678e-04
1.322639864598027524e-03
5.622409087642261808e-04
1.126475349105651090e-04
2.915617646770539591e-04
6.465797479735103763e-04
3.054612620904977992e-03
3.421913002913000088e-04
7.277523103263757289e-04
7.333455176385453560e-04
1.548932726900083666e-05
5.650392209684641570e-04
1.451090251435807220e-04
3.227626724433455105e-04
8.573585285550546636e-04
6.314504918543584373e-04
2.684998304603218805e-04
1.028187881120069336e-03
4.734668048295806084e-04
6.944795214327098521e-04
1.723762091811190805e-03
9.597503650395847056e-04
1.898556089398891963e-03
7.894880896388824449e-04
4.429450279552796200e-04
9.641996373067668238e-04
4.245306054341762116e-04
1.060467677708612722e-04
7.538693779540554243e-04
4.517176585022106305e-04
9.098466448535560947e-05
3.146391970818122083e-04
7.570282387421707301e-05
4.834837800065143942e-04
1.165866574472985669e-03
8.740815155509687462e-04
5.272441410712962011e-04
3.217873828294965386e-04
3.106577111207794669e-05
5.788586810115066471e-04
3.727442870733432270e-04
2.581785096374332954e-04
9.063140951155864919e-04
8.746198616106033762e-04
1.558823219267084937e-03
4.308243304659531122e-04
5.351551343762067170e-04
2.581663224855677038e-04
2.678634979877324513e-04
7.116015770937279947e-05
5.211744897638548053e-04
4.440127930754833542e-04
2.073624254532039420e-04
2.380378652304790041e-04
1.297163281158583009e-03
1.968712792344581668e-04
1.488851355501542700e-05
1.045472111872418211e-03
3.480857830351553970e-03
5.030480288058852747e-04
2.244837863857728909e-04
3.891199883386275721e-04
8.605942136420117496e-04
2.867384214197039611e-04
8.740654828016762839e-04
8.257283977645200716e-04
1.399523709746755302e-04
1.674610412443080761e-03
6.474532628443640950e-04
2.275426740341491443e-04
7.657964194649264549e-04
2.863145292184809108e-04
1.563260115252446385e-03
8.830539047636745340e-04
1.531060213678936139e-04
4.834848006472294586e-04
1.674913452963133027e-03
5.538238146772721596e-03
2.555303836735616321e-04
2.283144169410287637e-04
3.307065793317981927e-04
3.527949526887439445e-04
8.018990153725918859e-04
7.016389545561243363e-04
5.278769627406978580e-04
1.694086581774610720e-03
8.828594082460941008e-04
1.227127770277045221e-03
2.147642877540684766e-04
8.375736726159662728e-04
2.207944720737711742e-04
5.151320860555264882e-04
9.545385357488927330e-04
6.432127471708604409e-04
1.333963597042185298e-03
1.937586947486489046e-03
1.902914594141101460e-04
7.873691640673979083e-04
1.973611552877380278e-04
6.681055833528946365e-04
9.680354632898471162e-05
1.307922418732453866e-03
2.067132597091653635e-03
1.425908607260214806e-03
5.412421425463901303e-05
1.953083484029158974e-03
5.564702664705805220e-05
8.054790850694106127e-04
3.123652606006826300e-04
2.757798055937081463e-04
2.158225062497817683e-04
1.415741093998826501e-04
1.143184645521976391e-04
6.144454486813719801e-05
5.051363668589491400e-04
1.029951962732171631e-03
2.576968819038815946e-04
7.419505061853916804e-04
1.005089075852781113e-03
3.049378605980214191e-04
4.102600069578105947e-04
3.180357290082209639e-04
9.416330203045346261e-04
7.147441093821033228e-04
4.467487605059493523e-04
2.571633623044384891e-04
5.581711038010805708e-04
1.150623344292455986e-04
4.007660277639053695e-04
3.721538154134701026e-04
8.883242726133229895e-04
1.404249555960111707e-03
3.205892591703838061e-04
5.523936987874907435e-04
3.482516632967963370e-04
4.377811993093015815e-04
9.717401248851718822e-04
2.179195571337488695e-03
1.717861686534531804e-04
4.963682012319274584e-04
2.348838121912878241e-04
8.941404758582771270e-04
3.495563290794847979e-04
1.309524340988102995e-04
1.228702028359794900e-03
5.993882425960554011e-04
1.811890448533584868e-03
1.109487787025706254e-03
2.114958498333977389e-04
8.945402312872855312e-04
1.645004720596352161e-03
3.485612709592477679e-04
6.369960818279056145e-05
4.918436499034868755e-04
3.203058760528018655e-04
1.082200909026102892e-05
1.586622857432748055e-04
5.098258064236920297e-04
3.206756333528759141e-03
2.396633969821224206e-03
4.651363687078815547e-04
9.792528647624347375e-04
3.242221938275302931e-04
1.078527953378643578e-04
7.055764364144285431e-04
7.082662757951652815e-04
1.188795423966870208e-05
1.078880149275674772e-04
1.373677195967867382e-03
4.519577224715463025e-04
6.241831320561658583e-04
2.218053097960404323e-04
7.180555488353017454e-04
1.037123597462728418e-03
9.226907918687904733e-04
5.092825867238237212e-04
7.099544181627430927e-04
1.395725908550111288e-04
1.140226353849781550e-03
1.386021086976251373e-03
4.876353080017007931e-04
1.845336025494897147e-03
1.030219143835670774e-03
1.057795621667709761e-03
1.120616061319231003e-03
4.215146626345706547e-03
1.380744576187039859e-03
2.192467468821248126e-04
1.197694264544523456e-03
1.974083093332844828e-04
1.137453743603807511e-04
8.650840350855784448e-04
1.073999776720119606e-03
1.159700163183806907e-04
5.863201733835331003e-04
9.904367626573694697e-04
4.381785229220582937e-05
2.355014708115325762e-04
1.226053501762512784e-03
2.581313600708011230e-04
1.036638700297383116e-03
8.969072845711933614e-05
9.194793396975380669e-04
3.651383219831486255e-04
2.398718369290515472e-03
1.271324933081947103e-03
9.959030230307810809e-04
3.562709228083590267e-04
1.090712388788390346e-03
1.489825511956630912e-03
4.634821429450600096e-04
5.236240302527891922e-04
1.554504404311186265e-03
2.819725964139715036e-04
7.298364410052505299e-04
4.556824109499067591e-04
1.455372963884447922e-04
5.964470675016868067e-04
2.676204392466775828e-03
5.213681864121997222e-04
7.039078143570125234e-04
6.067341929679345410e-04
8.942579852810959417e-04
9.930680022937818634e-04
2.536249970096001328e-03
3.593265339019464520e-04
2.458879837559235369e-04
1.515741359600697501e-04
4.312165996364427669e-04
3.866974815027159279e-04
1.823155117020468750e-03
2.203172611699373215e-03
1.993776292281172139e-04
6.142636834151742617e-04
1.922939418347806946e-05
1.207604073004473269e-03
3.210129278404370455e-04
3.810498794070392718e-04
3.382357229582430656e-03
1.439265494711645629e-04
1.213957747399173467e-03
8.781395804255324013e-04
9.378291789544673969e-04
1.066377867327813681e-04
1.274555371850387203e-03
7.268310145304839607e-04
1.610689815183060270e-04
6.758171163822984358e-04
4.049532188623835086e-04
1.338627220774535212e-04
2.014165485126119017e-04
4.698893714661698628e-04
2.065398111385132861e-05
3.056245784884597714e-04
2.686266837070495255e-04
7.471839984293079039e-05
1.823108680679905982e-04
6.429431252583290863e-04
8.794034002356542531e-04
2.940595979834318124e-03
8.960935004448889395e-05
6.883552622548960546e-04
6.070576362150988586e-05
3.512919924867222501e-04
4.335640790637922408e-04
1.466563077076519584e-03
1.855133885072921169e-04
1.293087999954281109e-03
9.113718718018276274e-05
3.359243941957643326e-04
2.856574474513686878e-04
1.986191791869103762e-04
5.344537668338940730e-04
3.368609586264350924e-04
1.821678688231363578e-03
6.396781402573203761e-04
5.433310756552997122e-04
6.014203798079595766e-04
7.853086780702085669e-04
8.578147411624074449e-05
3.299526480969505651e-04
3.791041667653366823e-04
6.089783228473751725e-04
7.697782432093066857e-04
3.075403011294922996e-04
3.086017167041009966e-04
4.129753994371280091e-04
1.885326922217703998e-03
5.362118804894435011e-05
6.545155493965945604e-04
1.130050954812375497e-03
8.842281068593407442e-04
2.599770306699641486e-05
1.347502526790700676e-03
1.382733946881172351e-03
2.096612690342494788e-04
9.566743782596499705e-04
8.257212463975657259e-04
4.872604991598385648e-04
1.786995530879921610e-03
2.057955788716094806e-03
1.260807884118575516e-03
3.296583361576249367e-04
7.648482560531076916e-05
9.085525149647340204e-04
4.019745251508353447e-04
2.339690775188794404e-04
8.772473569120755764e-04
3.469995429355008276e-04
5.476640247211175209e-04
8.447449765486228111e-04
5.544985222353072474e-04
1.069703322436687756e-04
8.858895919885326859e-04
3.425187415443771617e-04
3.192491044241809101e-04
1.144261659533805052e-04
4.038748003972246568e-04
9.857310685045236128e-05
1.687878317596600301e-04
7.414260581709204451e-04
1.505830175306443943e-04
1.037406353771137216e-03
2.764398290150782683e-03
4.686981856897871456e-04
3.172559764520882644e-05
2.234439427185038005e-04
1.281485658230580678e-03
5.237959664389131315e-04
2.118641364599790347e-05
5.830453954883810025e-04
3.122058264575563861e-04
1.232054108479409922e-03
1.366303412881849288e-03
1.012295332383726090e-03
2.985893453351143832e-04
5.369345372101053723e-04
1.427740085101130612e-03
1.838613111498927776e-04
5.243281620352182627e-04
1.610594169395626780e-03
8.411765914661502655e-04
2.214076005888927627e-04
1.091532583014059648e-03
2.666466308633402837e-03
2.538229219659285255e-04
2.819617296672430285e-04
7.236461803674751770e-04
8.581898815673553896e-05
1.949768959589463552e-04
1.444308974317931019e-04
1.451871668117245317e-03
8.787790984955517722e-04
8.795230817794532198e-04
2.999837334862650294e-04
4.155806656728959036e-04
8.387614067586103431e-04
3.834197615874728512e-04
6.583856076613723576e-05
8.746083483001289174e-05
1.753744834805222175e-05
1.090666147758942027e-04
4.375102910185370212e-06
2.549831655631005706e-05
6.672000756521274207e-04
2.997873590825783554e-03
1.160037159279001060e-03
3.182167624140685817e-04
2.454706341492436834e-03
1.893664382426166236e-04
1.463264887599209987e-03
1.215585580848815590e-03
2.418733627239254736e-04
1.221087406685370099e-03
9.880356719867840979e-04
5.279180538866780478e-04
6.088781510867482356e-04
4.720571091577032861e-04
2.588078407612528315e-04
6.209308627801694716e-04
2.500540413284019518e-04
6.297456386292832678e-04
3.238282314831033735e-04
2.832675723187017859e-04
3.031943527509906467e-04
1.756697472521631838e-04
1.802330370917315083e-04
5.250863445021701926e-04
9.793800718337139358e-05
2.930405897848481402e-03
1.163072834307655751e-03
1.560181438774337938e-03
1.948704348962847655e-04
1.040776571967614782e-05
1.866130725180665216e-03
1.772965046115705049e-03
4.300721089641318102e-04
1.136619689207797314e-04
4.093839407298621123e-05
1.396898363582689930e-03
2.354866175020658395e-04
2.888702027459163352e-03
6.083814135314460263e-04
3.779556014874535627e-04
1.316557385693369541e-04
3.641930396570625876e-04
2.977165303997324967e-04
8.689040808885768567e-04
7.994593338774852876e-05
4.741380259019246815e-04
5.502079484793678940e-04
9.076209780733777554e-04
1.432171509923407414e-03
6.298792563380038236e-06
8.528985382588269329e-05
3.041538327814769568e-04
1.068434865083787018e-04
1.253755657657025470e-03
1.897934078148398335e-03
1.057158011336052286e-04
2.350283790561742258e-04
1.732766178428982477e-04
1.389017499380190614e-03
9.592802256088583815e-04
3.105020155766556231e-04
1.429061135979759270e-03
3.242712812079271692e-04
8.378545496769708694e-05
5.369004917751148652e-04
7.063010918428781369e-04
2.516934718472264290e-04
5.648899244138788373e-04
1.292246239346091057e-03
9.098586827717292796e-04
1.769480764868608261e-03
7.780467192287608691e-04
6.714580811310095652e-04
7.774868928206000876e-04
1.073830656300352724e-04
3.461544024212048591e-04
5.192818252259166984e-04
2.271644794502428492e-04
7.887706396358055018e-05
1.850985945006851721e-03
1.933308086563883187e-04
1.978914225405481572e-04
7.329238202131230229e-04
4.936015294131076243e-04
1.082527175463454325e-03
1.419682592162961480e-03
6.854795910940977280e-04
3.059529724000268659e-03
9.618467275424180543e-04
7.553114154062151424e-05
1.048134211867856420e-03
8.518327186740586986e-04
2.366315653609357250e-04
4.582972392282451033e-04
3.647925769983192544e-04
7.291427758175792395e-04
7.733021794989092430e-04
8.787354257242142993e-04
3.300892970499913655e-04
2.246746980251948019e-06
1.134178327423079977e-03
1.988999085126749971e-04
8.995442284828561485e-05
2.135652921934546103e-03
8.176861630628597414e-04
1.831515526232916594e-04
1.944345473397345459e-04
1.050827817971570956e-03
1.991016971404172345e-03
2.527846630642067906e-03
9.438268313678760575e-04
1.420797535083916964e-03
6.155403011623993047e-04
7.430347899436413439e-05
7.146096895791796211e-04
7.184841370039903204e-04
4.213050484153788217e-04
6.708820982921545042e-04
5.876723692240121708e-04
2.910879917817896627e-05
4.535671027632055948e-04
4.099103243676956642e-04
5.981314380498980142e-04
9.730838805747242428e-05
1.509306606033515282e-04
4.065036546463471622e-05
1.283052048658701438e-03
3.887842373854704758e-04
7.370955478423260859e-04
4.746752012326123111e-05
1.622145344800105752e-03
1.092447138101759058e-03
4.846765207584542109e-06
1.154497153015006470e-03
1.526133026144678103e-04
1.753216220025671660e-03
4.038650684289644770e-04
2.431769897058727343e-04
4.370997420971684758e-04
4.123976874100952517e-05
1.149608438660357348e-04
2.827240640341119283e-04
8.352751409640907839e-04
5.450608701553827417e-04
7.151029313176125593e-04
1.402718618372561336e-03
5.273866943827134604e-04
6.271053354282478745e-04
6.037944188801333241e-04
6.316906348874196636e-06
7.227609424150365511e-04
1.762838203310523335e-04
1.457656084777980796e-04
8.186355983828396549e-04
2.913805597728091521e-04
1.004536438036819781e-04
1.659883924328452555e-03
5.171672615619403099e-04
1.443906122290266084e-04
7.603150516134909477e-04
8.096054418665018550e-04
1.089908052463445156e-03
1.572394623575385517e-03
2.164097604526103898e-03
5.657065998679841915e-04
5.716543453944603189e-04
8.382557989255965672e-04
6.907990391302649437e-05
3.171068799920686849e-04
1.246529603398917547e-03
1.116725146643172240e-04
7.924757699213157798e-04
1.275273833214748498e-04
1.885647336120994054e-04
4.182737691587996788e-05
3.732544662528521377e-04
3.735126784210628689e-04
2.379130762864787316e-04
4.010953997844169641e-04
2.615264343816111280e-04
7.535309949142616299e-04
3.605080724552863977e-04
2.893631865365259184e-04
3.258423265379187901e-04
1.075533653933766123e-03
6.758238758831878481e-05
5.055590983509269465e-04
2.565774999659019241e-04
4.738428108022694346e-04
2.046578332493343907e-03
5.489478517803814041e-05
1.117395127560738858e-03
6.806673151088838986e-04
1.879672422096589869e-03
5.018603586132177035e-04
1.373458131846012117e-03
3.114115547921460247e-04
6.624798513244153659e-04
1.662608729470713750e-03
3.685833022921223960e-04
7.199850844070883327e-04
8.385562118444587088e-04
4.898687837739725557e-04
1.161250217119285397e-03
6.793431417487934797e-04
9.571902681872322032e-04
1.025489503156256114e-03
1.205010630312341232e-03
2.792663541314859823e-04
2.415310850304811527e-04
2.153626352017300356e-03
9.757115050374270634e-05
1.740888539247239207e-03
5.203833773577236496e-04
5.029648287773170155e-04
8.490548558680977671e-04
1.156304544855649754e-04
6.132784224494007433e-04
1.317888572477456956e-04
2.167789530680034411e-04
8.294927296861742553e-04
4.288887366367344302e-05
1.273708265042757188e-03
4.360014131851975248e-04
3.230466515410099020e-04
4.577674552355608735e-05
1.720025910806109162e-03
2.846653536391185037e-04
1.234629378339523447e-03
2.958702623586110169e-04
1.131801054406728459e-04
2.552560130866466694e-03
5.521615342652865400e-04
4.033236304667997801e-04
1.801960346407414004e-04
4.689594248045099488e-04
9.153089701239173820e-04
6.342304876567186672e-04
1.381986852261616943e-04
1.629905232455417194e-05
5.030453508554273180e-04
6.085789598930124332e-04
2.719622977782910618e-04
1.639439663695763192e-03
2.502157505342183542e-04
3.329806086882204598e-04
2.688235152663035398e-04
2.049321677499333760e-03
1.510123012791593456e-04
3.637746810995423565e-04
5.287031895393058505e-04
1.108927036076860469e-03
1.932900046167892192e-03
4.016900937678301547e-05
2.314387734454406850e-04
3.325341196643996980e-03
2.992210898731381338e-04
6.103668031494027682e-04
1.078987097162497450e-03
8.046254259060464349e-04
8.108879007083948760e-05
1.679928491527613987e-03
6.064316658637989351e-04
4.984301167555595493e-04
5.620482765511321428e-04
5.866955387352081568e-05
8.312852768148059615e-04
1.195254268955119872e-03
9.560427512781737242e-04
1.088504342191288447e-03
1.042186711199002101e-03
1.417229581938343752e-03
2.789292469792856817e-04
1.028855888000403855e-03
8.311502659624441552e-06
7.498244956272611924e-04
1.098663521750180110e-03
7.934659925443788328e-05
2.654820974856343554e-04
8.504817691658366451e-04
1.548026927759286369e-03
1.291116113420459361e-03
3.226506992383180810e-04
5.754647310833176143e-04
5.647019622582814379e-04
2.929733144633037871e-04
3.955024525805294179e-04
2.900771136668035301e-04
1.756889838045930805e-03
5.076953872108479768e-04
5.323969591938695987e-04
2.828416186730406791e-04
6.687561474636908405e-04
8.564549789908846526e-04
2.338553267359523298e-04
2.954792225381852751e-04
1.029021897024067628e-03
8.486454758316183331e-04
1.462528705564851981e-04
5.273372268029451139e-05
4.105139341511950283e-04
1.888324583633810153e-03
3.548866552345251698e-04
5.482038549106787442e-04
2.212012428243271753e-03
5.689878411329579548e-04
1.365507694373037872e-04
8.621255984086449459e-04
5.960138935166981854e-04
5.366634641684770324e-04
6.010298471476369059e-05
2.418319050759265814e-04
3.769715617265923034e-04
1.091575481794302164e-03
2.593484406753671936e-04
5.184411888732139628e-04
2.854427615988168443e-04
4.918827074041347454e-04
3.435017305605007833e-04
1.629748716965991008e-03
1.140309280971816717e-03
1.555619433121859017e-04
7.841182029597711578e-04
6.579229044467054845e-04
4.503620116337128687e-04
1.470687704496237316e-04
2.559687748161244814e-04
1.367833976295278772e-04
9.547281894202323859e-04
1.519018061720363647e-03
1.122421144138513157e-03
3.238157786185299775e-04
9.851434309098887278e-05
4.268859687642812683e-05
2.804605323381349855e-03
1.652264499755123157e-04
4.524084355029099483e-04
4.432298863475161695e-04
2.725954499364927498e-03
9.481436038954660014e-04
5.471724946130874514e-05
2.083852838310063915e-05
3.868404626287240151e-04
8.913295820477883883e-04
4.950471815979017335e-04
5.943939254729170779e-05
3.691947104214700131e-04
4.762812237660252429e-04
1.672681576332085002e-04
9.963134485100233646e-04
1.170556412749595033e-03
6.135828107054750770e-04
2.562326546244728361e-05
5.456672393280439333e-04
2.286835127990931792e-04
1.573445780025034611e-04
4.652494171280099119e-04
2.443247285806025271e-05
4.197693462602253658e-05
2.990250382775257523e-04
5.013331777662969821e-04
5.799821910286558297e-04
4.772927158911500871e-03
1.460433418365038435e-04
7.635570631858352476e-04
1.478603982350624164e-06
2.130963679844074306e-03
3.936432855395117386e-04
2.979797863150609972e-05
1.042736335999548550e-03
3.162737343981215248e-04
1.264408627961843834e-03
5.505997030337823721e-04
6.248067944626104929e-04
3.393979653876424561e-04
4.906003637851377545e-04
1.053260100088684393e-03
1.917228939861666346e-03
1.159528206156383362e-03
9.737593031094172709e-04
8.620033920192480843e-04
2.710702290406002794e-04
6.768006222811462878e-04
5.140661967422807590e-04
6.407097967146366409e-05
9.428953745023949335e-04
2.147037431445653966e-04
2.007198777178260192e-04
8.503375020633677141e-04
7.420169034207086496e-05
5.832401829045935496e-04
1.206599953753809259e-04
9.127158988495688097e-04
3.221583502588722136e-04
8.715312718089844330e-04
1.467052402932236147e-05
7.019050594735423655e-04
1.243804763692245286e-04
5.138312016484749027e-04
1.170762928135563301e-03
1.193165669620371025e-03
5.947876421666099768e-04
4.398695777117270483e-04
4.552591306720402044e-04
8.885837147334778871e-04
2.440468586830324622e-04
1.236714348711993286e-04
6.265361279465384481e-05
7.298691641154966521e-04
9.780087350744286721e-04
3.324615112963707347e-04
6.814290473939380824e-05
1.553584652070155248e-03
3.215668684239483843e-04
4.015059417234978739e-04
8.828728823849877087e-04
1.068487751131826568e-03
6.670991640111017824e-04
2.711387685887248061e-06
2.201456305068023433e-03
3.852137539899269983e-04
5.235757631592623208e-04
4.528763974843395021e-04
7.079300862431660984e-04
3.961058454805195289e-04
8.983495640842203067e-05
7.160010220605406411e-05
5.444625052272657369e-04
9.148932008213667621e-04
2.533932727910813681e-03
1.803264476018435992e-03
4.409418111839980003e-03
3.138538697563051771e-04
4.232853892523511874e-04
6.312602729547703555e-04
3.732596108220983849e-04
1.485944828300950183e-04
5.106153119386656154e-04
3.512451606161712606e-03
6.725894542266373354e-04
1.243993450972270358e-05
2.324419102646080749e-03
1.666056595255680645e-03
1.908619507590046888e-03
7.397283134556088976e-05
6.663079895328981013e-04
7.402548935174687586e-04
1.936630746174431220e-03
2.675287643100608291e-04
4.366914289996016681e-05
5.054998892885940098e-04
2.489516558901596222e-03
7.098565651959987555e-04
2.604319212669086673e-04
1.709509370174788941e-03
3.053577695405470052e-05
1.112728248271472285e-03
1.240319568422809399e-03
6.287916573280834210e-04
6.612659768458650127e-04
4.385167247271342761e-04
2.694440625349048030e-04
1.747469809545912757e-04
1.737772054322729099e-03
2.377577772798670185e-03
1.672603566807938629e-03
1.183688018455849710e-03
3.223883871748329968e-04
2.177683303355321955e-04
1.063039774644628063e-04
1.163195834290557977e-03
9.387958209144106126e-05
3.825758997546953311e-03
1.183623186509546489e-03
7.873849889021570158e-04
1.390677935612054297e-03
3.569308692116640569e-04
3.887531339679282726e-05
2.078648975296775846e-03
8.169201398382186464e-04
3.822278757845627207e-04
2.610536276157925627e-03
5.325091732891161636e-05
1.405414512237536146e-04
3.206443669704602873e-04
1.566808058378732884e-04
2.051198643063485445e-03
6.451144971271419865e-04
2.894421959997285111e-03
2.572968823884017983e-05
1.350911435774721208e-04
6.284520440923212041e-04
7.377570964725795359e-05
4.953479561663417678e-05
9.165445172844170546e-04
3.826089051971400971e-05
1.016260803599117971e-03
5.194730728796987003e-04
9.506341505771739994e-04
6.898778140661657231e-05
1.414023636249611953e-03
5.361769717842675012e-05
1.263925925877773700e-03
1.135215914311276395e-03
1.984131728693394614e-04
1.349994599234028043e-03
1.886891807596351254e-03
2.952194151643833340e-04
7.654792546223182460e-04
5.993386886950068798e-04
1.003054095376881491e-03
1.097795207572038485e-03
6.484727381050486329e-04
5.852309264872078952e-05
4.457452302806769824e-05
4.688762874896366581e-04
2.912496993175749203e-04
2.053633959780316008e-03
2.446041710836532643e-05
8.977267395434397829e-04
1.239941959066440894e-03
1.843776852978260819e-04
1.027657346920807582e-03
1.993647344125086367e-03
2.877492598785297978e-03
4.963126048031943571e-05
9.451792946851853092e-04
2.825144848783605928e-04
1.260257278434784539e-04
5.472153863876683729e-04
2.956509165156306126e-03
4.588455054350215156e-04
2.878185347936088262e-04
1.740031205114149688e-04
5.312457240629034523e-04
2.452859908431202600e-04
2.364247054193646842e-03
1.735050194579676127e-04
2.550373423015486014e-04
3.210523469096068100e-05
1.402604868626932159e-04
7.088190594102108185e-05
6.349546745134975389e-04
5.124341335164007147e-04
5.908982681815178658e-04
1.817237949412330847e-03
4.868879073361550777e-04
1.337065802573281182e-04
2.703097180944434900e-04
4.016085407313021494e-04
1.846223917074565511e-03
6.078948860850998158e-04
1.326555030919686340e-04
2.576872682512647977e-03
1.745053927786631475e-04
1.427125577228976214e-04
4.725125499004907757e-04
3.441006071521734966e-04
8.219446115223454194e-05
