1.747281878633958718e-04
8.635516392681128915e-04
5.247771634620003282e-03
2.250182281962458683e-04
3.243438471408326834e-03
3.827057191503720462e-03
9.337336040638730995e-04
3.270945081556589969e-03
7.723001318700569579e-03
1.111574593502039987e-03
2.678369311550313214e-03
3.896100049671464421e-03
4.284370057690222409e-03
1.218696662562585367e-02
2.395007098102346337e-03
1.296409040649749078e-03
4.491477635218356010e-05
5.620682169291974645e-04
1.614773061126983152e-03
6.636866822033656585e-04
5.619987902570345618e-03
4.255926345240704234e-03
4.265305438212758232e-03
1.191348346635691044e-02
1.585945880876693699e-03
1.111504334141479380e-02
1.511418639955633457e-03
2.433557602731706813e-03
7.869461572456369972e-03
5.953713315484662283e-04
9.239051693088157907e-03
9.675694460185025594e-04
2.162909234817933946e-03
6.009852208124295998e-03
5.174238512995955235e-04
2.740751149831378245e-03
6.318934653667659940e-03
2.716924016614589814e-03
5.074909937296632513e-03
1.684433754999958106e-03
2.378449777039081010e-03
2.043646980339260382e-03
1.618969713108040767e-03
2.605766061187873590e-03
7.687170472499377412e-03
8.576709516165490627e-04
4.496653367287386003e-05
4.326354208972732485e-03
4.246265683120600820e-03
1.750783151443463569e-03
8.377380548027833860e-04
2.188298881110925954e-03
8.405320799141524635e-03
3.425799385378240376e-04
3.879902559230264812e-04
4.618490038853942901e-03
1.043008550924408957e-03
3.928310690459287037e-04
9.556875016454238411e-03
5.440030970573370367e-04
3.819324588751695534e-04
3.520495459609646136e-03
7.288738393464112755e-04
1.425490370545167036e-02
1.279379296110735734e-03
1.357762126794260192e-03
5.003628502044379575e-03
2.768122252910132104e-03
3.025500497968589084e-03
1.069721408061192949e-03
1.278085138567657984e-03
6.038066842153454314e-04
1.174711051733393335e-03
3.653966002372761087e-03
1.040445272596842753e-02
3.467931657413209860e-03
1.012947637939256478e-03
2.626961630597691175e-04
2.256011576342788205e-03
1.455405641800465531e-03
1.903743669164301936e-03
7.442588706460711093e-03
4.360807656379221881e-05
2.412211577630225812e-03
1.302608453421407863e-03
7.266348556580913901e-03
2.873037984631116384e-03
6.789054282220943759e-03
1.034472554234492497e-02
1.160987326721753645e-03
7.023286924065895312e-04
2.720238336802239133e-03
9.302205428709761940e-04
1.954221371964559324e-03
3.060435252111580115e-03
3.237505404302655704e-04
1.625296987786579723e-04
8.404019224306445148e-04
2.859994717112902731e-03
1.261452253382954521e-03
6.356108200097736194e-03
3.530149828149801560e-03
2.083297938130764925e-03
8.782353204402022556e-04
1.080737019873952848e-02
7.642257609508510460e-04
1.155674046968822258e-03
7.378679147937650595e-04
4.560756810952228991e-03
1.747383901598004163e-02
2.906024229208421447e-03
6.749117025233314360e-04
5.118814469092461232e-03
1.606179978401765861e-04
8.455632485696390477e-03
3.591175851500836040e-04
1.104510261875967913e-03
2.141634850009006222e-03
3.400881936477924850e-03
1.210660752446419963e-03
1.940980731098918954e-03
3.812432361714428847e-04
3.973268158817987693e-03
1.186834283385261547e-03
4.872993441930418418e-03
3.395326546331989140e-04
7.105588102811918189e-03
1.471503323056716451e-03
5.625699288434795643e-03
6.218380900558318153e-04
6.509133506060735047e-04
3.814542051362728933e-03
1.645445382598852710e-03
4.805132822327084184e-03
1.103929517884508736e-03
1.686340485336342877e-03
1.717579007721256471e-03
8.503107183425742677e-03
4.637019630211341482e-03
8.218796954741734023e-03
1.469449030870804669e-03
1.632530336474932156e-04
3.219017627875870018e-03
2.776920255186221976e-03
2.771362838849375249e-03
1.935530334438326184e-03
9.033339575358065917e-04
5.565021031249750907e-04
1.148384728488652988e-03
1.115332665664000829e-03
1.423330678585030826e-03
2.924091587381103582e-03
3.111999309058694711e-03
3.177155307804991214e-03
2.497746757631986135e-03
3.522937317379377410e-03
1.252153836468995838e-03
1.926117453788014358e-04
1.533436830923362235e-03
3.055984879539762940e-03
1.974682253238080852e-03
1.404181860387469609e-03
9.001897024415594570e-03
3.067962634746439470e-03
9.075047301290008282e-04
1.933230024126886932e-04
7.577852966648963937e-04
4.123894967352405446e-04
1.926734496842198935e-03
6.869999631525658922e-03
6.918966079325092854e-03
4.722241015538471837e-03
4.629133701337841654e-03
6.712110232781312753e-03
1.213443087401047394e-04
2.754630860756014741e-03
4.798039254824803222e-03
2.355167304237267781e-04
1.078151565586429536e-03
7.367363409336239420e-03
1.496302154935983232e-03
5.732303654217682287e-05
2.946148975954821728e-03
3.232777106546009908e-03
6.583661786057950702e-03
2.284790070057616911e-03
1.194645327426798170e-03
1.253759391724334300e-03
1.619724066137796206e-04
4.717018869015302332e-03
1.120618101448547571e-03
1.970252323801457896e-03
2.737781548644382858e-03
3.064471401746228334e-03
2.302345334123323539e-03
3.576345051987550854e-03
6.881208448072987337e-03
4.135407004425016575e-03
2.198230363400364073e-04
5.212460003734369074e-03
7.134091059419568398e-04
2.023685717637619796e-03
3.362923001200683202e-06
1.549070095374562679e-03
1.356549634958083912e-04
4.723694674819398781e-03
1.128132737168277598e-03
3.302575438571556110e-03
3.477437304008130191e-03
3.236720653675586104e-03
2.752645540133697062e-03
2.401404105985817123e-03
5.863910765435486434e-04
3.800554697296862111e-04
3.363363213475494950e-03
9.210272494009423246e-04
1.293440467598628522e-03
1.295741153929862773e-03
8.369268275195762899e-03
1.984044404746844567e-04
1.662524034830870469e-03
3.142513228663333484e-03
7.408658143866931212e-04
2.878493963115257015e-03
3.922739452571958815e-03
4.184205493979870874e-04
9.613129997738742105e-06
4.406344551492405968e-03
1.086482136556935271e-04
7.027320888128675731e-03
2.039181828448186941e-03
4.490917371491146524e-03
2.451868342546777678e-03
1.775081290221867556e-03
4.481389457779861446e-03
3.113326388207854345e-04
1.829534718381139362e-03
1.300716974063611175e-03
2.118780835911285299e-03
6.083869056292434685e-03
1.819112899457198292e-03
8.627978909705411601e-05
3.127297059054407000e-03
3.239070240259075799e-03
4.098994166400532144e-04
4.787772774081711091e-03
9.898490249358293368e-04
4.786621091358023703e-04
8.373172205500264281e-03
1.371712609559240514e-03
2.199820627997737046e-03
2.267897885138170388e-04
5.772908432902781536e-03
3.604762854402940829e-03
1.791077046397420054e-03
1.472639495918319627e-03
2.438210433161113865e-03
3.502780723103126031e-03
5.578262869138305227e-03
4.559312472443383286e-03
2.304893969168005964e-03
3.296738245868212954e-04
2.715007073416326262e-04
8.631799622681011900e-05
8.038881610764245927e-03
1.990844805009916226e-03
1.794503720367199079e-03
7.805968693762516987e-03
3.160998666951034264e-03
6.881790113237154288e-04
8.063098858417770340e-03
8.272383899835163970e-04
6.420089235118425948e-03
4.063082883028300632e-03
6.420469223850304007e-04
2.137313173787111498e-03
1.353813214775437387e-03
1.072811262629293650e-03
2.910367059365409365e-03
3.817364773256680648e-04
4.571849494724738831e-03
2.997391612814424497e-04
2.852437190448265433e-03
3.704718169006146282e-04
1.126022339710936425e-03
3.539942996190439299e-04
2.015297265998829395e-03
3.994475417016689345e-03
2.418057693083210113e-03
5.553972713764923803e-03
3.670765726123898301e-04
2.272784774468380076e-04
1.068700186304297195e-03
1.406814211815363581e-03
4.705025593361740650e-03
5.534120931029795805e-03
4.142582205066760136e-03
6.731617292860150696e-03
9.146952673391292241e-04
9.842644188973629499e-03
9.617201346537825046e-03
6.129943170333738978e-03
8.702081472140616933e-03
6.563634349319659618e-03
7.909264530267195005e-04
6.684476385586011430e-05
2.809867712423358768e-03
7.087820032828409146e-03
2.113899026230207055e-03
1.010807711287535320e-02
1.613694820059575954e-03
2.542410535352185698e-04
2.764554386076951888e-03
2.271469739823854360e-05
5.992086767842304262e-03
1.655737232779093101e-03
1.742270793443803471e-03
3.027714291719853088e-05
7.331525599389169569e-03
3.666732607391608167e-04
2.698574199824844630e-03
2.008249326907355498e-03
1.080071659327637998e-03
1.160531717990808970e-03
1.031441887867932733e-03
1.204112146556537977e-03
8.858447835301423712e-03
3.762478959233446453e-04
4.760100851126507562e-03
3.018303797136388106e-03
2.627161979013478178e-03
9.152538368553841952e-03
7.678686013818049674e-03
2.886224811070768875e-03
