3.771442762542474760e-03
3.263755293115642130e-03
8.494264321610022969e-03
2.687546764519131563e-04
2.289130177413904645e-03
2.462471515751842030e-05
2.671743818147054739e-03
3.497577717938346771e-03
1.627143989977974329e-03
1.830436646857956477e-03
2.418739370127669444e-03
1.625051297372476222e-03
7.633878963427822521e-04
1.961571896189630271e-04
6.920337221609375311e-03
2.064516365139279291e-04
1.420821008067332022e-03
2.276441085484750930e-03
7.275663802409728861e-03
5.364524828882539717e-03
1.268526801112039625e-03
2.533546743201739535e-03
1.040707153304941369e-04
6.032601276058325787e-04
5.213972381648915039e-04
1.507293930877828207e-03
3.375326133674661725e-03
1.121774688947547297e-05
1.524727699611650323e-03
2.601868241966225504e-03
1.041585135747506588e-03
3.739671102030548040e-03
2.065232960181561175e-03
4.502628734993654157e-05
9.832372443061181740e-04
3.638853532148871896e-03
2.450119028534610498e-04
2.180753281411822349e-03
4.517505590341403150e-03
2.904911949346807097e-05
1.189407177741790109e-04
4.616215949995424242e-04
9.367920862116361222e-04
7.863470769610552162e-04
7.884733715641450503e-04
7.393805968324020615e-04
5.293493734946970279e-03
5.812158821542963861e-04
1.210183840073217896e-03
1.689878483522411472e-03
1.331168386845416355e-03
1.862271044442240231e-03
5.678944435131454745e-04
4.679688580304832281e-04
1.152037033295243802e-03
9.610982261895413895e-03
2.486616920413962581e-03
3.565341807427304787e-03
6.880094719672304399e-04
3.615952463973878274e-04
1.281067984661461625e-03
3.353629180000404237e-03
8.517602992039182775e-04
1.973201591863516912e-03
8.525432888458778658e-04
1.465078615634981879e-03
4.881498096145953786e-03
2.059178742721143264e-04
8.814690813987549373e-05
1.717808296018427357e-03
1.241910643301843585e-04
6.885319898235198882e-03
1.786014695302473847e-03
1.314288592612108248e-04
7.739375174963111434e-04
1.069301821037990755e-04
6.764355499298355806e-04
3.348037214693682967e-04
4.537021378408137421e-04
1.467622135523330863e-03
2.822569662793365363e-03
7.494617191458018135e-04
7.003755869680097215e-04
7.371595278588179969e-04
8.963418643653702292e-03
3.173651210502660106e-04
3.512285618687294511e-03
4.870535980403468100e-03
9.302144996924460122e-04
1.488819533848804739e-03
2.078474244880602635e-03
1.657852509602299618e-03
3.274453018570722086e-04
6.994273351161784833e-04
5.525838545130637609e-05
6.735486532229728335e-04
5.600108367137398516e-04
5.045518662169621601e-05
6.356811250519447390e-04
8.041659742578982292e-04
2.185318565459189784e-03
6.472772801961547201e-04
1.266949252137029424e-03
2.116003346124271966e-04
3.060766572754665665e-03
2.329536413521806747e-03
2.479198094762802371e-03
3.566778546339096408e-03
1.721494751406654625e-03
2.709867617427618065e-03
1.410662522240107956e-03
1.903131418030982840e-03
3.885340514669273493e-03
8.654369907933945338e-03
1.460244787654514393e-03
1.450357709071648828e-03
2.437871670768254942e-04
2.414688493088175663e-03
4.463374371053495208e-03
4.991181480040891285e-04
2.817500162084648346e-03
2.974858934891264376e-04
4.279146525100068518e-04
3.515299478838654432e-03
6.052106414371425649e-04
2.217804448694636220e-04
2.562226572669663339e-03
5.656200354959305121e-03
8.552907415676222827e-03
8.957697023076830736e-04
2.762673627595330951e-03
1.163550880056663786e-03
3.202591257213303465e-03
3.751713468015170291e-03
2.093212693024819500e-03
5.299962129919991508e-03
8.896535523670441549e-04
3.567901253410082473e-03
2.209998412298527261e-03
1.196002218753573895e-03
1.369609151579491673e-04
1.035160032589586658e-03
3.357952973921276944e-03
1.594019395073462781e-03
1.507951803825863506e-03
2.288719222746460856e-03
4.812590902134314570e-03
2.529462163117740623e-05
3.456877406805137012e-03
8.300674700199416750e-04
4.413557777960523828e-04
1.836840580310410359e-03
2.521460261859128239e-03
1.196216315464718096e-03
7.610268156072393618e-03
4.944225167423463123e-03
5.156986537725010908e-03
4.867735115801247701e-03
5.713307870768861898e-04
7.680902763115402714e-05
9.177473786356868575e-05
2.248794731676188093e-03
2.170349980606350263e-03
2.920288941778488145e-03
1.145962977120534160e-03
1.319965537181817675e-03
7.436466023081972831e-04
4.706595558357790500e-04
1.022210445782355216e-03
1.089186176334018584e-03
1.451079260051470546e-02
3.919624380457710500e-03
5.571526699099528523e-03
3.819626302515932779e-04
3.246794651730963797e-03
3.771430558137450957e-04
1.503196754690081958e-03
2.661908828098512661e-03
3.390356644279690114e-03
4.213210274419831695e-03
2.021316585397485259e-03
2.154992169374875342e-03
1.693056559463226255e-03
7.770970616146147432e-03
9.490657122286389347e-04
5.118638777466706907e-04
3.413255554381441816e-03
3.587790125404438125e-03
3.214868003683310233e-04
1.514717831101057175e-03
2.259453834791496155e-03
2.708036359038711125e-03
2.121209084414779188e-03
1.601953708184374568e-03
1.727532430556089852e-03
4.260637685910343558e-03
1.401971870734441917e-03
2.942800697555798036e-03
3.115505345136475573e-03
1.927767568127327453e-03
5.571231982359704706e-05
1.463697536506903055e-03
2.613877252262225030e-05
1.147767635637721986e-03
3.994113722597529212e-03
1.208744954782890892e-05
1.172190599669310556e-03
2.436822469956758134e-04
2.265577192537709256e-03
1.198788769392985848e-03
2.183882784891566725e-04
2.058464320029817075e-04
5.502944453894995872e-04
1.882378321073637330e-04
3.937306278759342658e-03
6.195861408957669368e-04
4.433610941339763021e-04
1.606638059932993324e-03
1.174568976100548012e-03
3.380993005900573972e-03
4.260065467912875492e-03
5.624659453038661876e-03
2.181188398000750983e-03
1.753118791111367335e-05
1.147375662659993675e-03
1.845553300765149542e-03
3.562235046269478884e-04
8.591618931097730902e-04
1.332658275321977205e-04
1.337688906722159883e-03
9.285440823893766852e-04
5.036120322043074332e-04
3.501225090487297296e-04
2.559721976039446793e-03
2.597227956043756444e-03
4.777234773601192540e-04
1.921831693519765200e-03
1.493827654207846838e-03
4.013641661276795558e-03
2.917174073157882772e-03
2.538705211746353566e-05
1.261634907075593649e-03
8.553570770242866373e-04
4.103145881583635836e-03
2.603148912757093114e-04
3.307339674083522793e-03
6.813126132028584974e-04
5.814726236222403062e-04
7.076637687722937397e-04
8.267983275108137513e-05
4.737238151092777131e-04
2.784390974364281293e-04
8.161441028838243824e-04
2.520627281214970258e-03
8.879405533615067217e-04
1.044458656257135718e-03
2.270290158626461348e-05
8.272751514741914086e-04
2.203825451009680308e-04
2.094037819986096366e-03
1.831699288257644968e-03
1.896113516502702205e-04
5.588994564929565707e-03
6.180599792763686456e-03
2.173686484744189753e-04
5.721200779054204898e-03
6.691920821080597033e-04
1.431180268496580867e-03
2.477644625568223291e-03
2.748117642456538497e-03
4.365032123453624086e-04
5.377847060286402008e-04
1.878104081775899652e-03
2.968064242442812971e-04
3.136511015279494930e-03
2.352278831696839618e-03
5.319904889667013102e-03
7.746013271186680694e-04
2.668161976140508433e-04
2.138612880432266827e-03
4.053230867002113771e-04
3.953685721826376824e-05
9.287799115562536765e-04
1.954489791662516584e-03
3.894127923407431947e-03
8.033839875674046596e-05
6.750580168253536052e-03
1.147255730027950437e-03
2.516260423704294504e-04
7.072422779276615326e-04
1.480581558396200500e-03
3.182604089997590445e-03
9.952877382977431183e-04
3.248420152626808671e-04
2.958050572019919541e-04
5.734356628933834181e-03
2.960846286020333770e-03
3.165685645526625323e-03
1.248233587418008618e-03
2.156807753062903871e-03
6.649233933747456145e-03
1.068837674495823342e-03
1.136696516837783222e-02
1.315011638154751689e-04
2.424534890861880303e-04
1.974340870144101513e-03
1.359559635250963579e-03
3.507558558995434173e-03
3.198438281956632150e-03
5.304716817676405870e-03
1.308355598225820421e-03
2.567711013509946065e-03
4.908834059564557437e-04
3.382932378487150428e-05
1.539491846053080062e-03
2.618848915627192998e-03
2.540294315638286140e-03
2.119403342342634014e-03
3.337747001935771976e-05
1.867593837871952937e-04
9.127464037564535964e-04
2.455874010578763811e-04
5.437342387241854208e-04
9.692605365905091136e-04
8.041207428978418411e-04
5.249106145277476591e-04
4.531131491288207798e-04
4.912734008923370921e-03
3.290233034883714887e-03
8.573431975957123558e-04
3.884817318415802016e-03
1.047742097028042879e-03
5.092210490867049924e-03
1.928528207499644737e-03
3.650710649780066603e-04
4.785142970374362258e-05
7.595944133014224291e-04
2.811535635577594016e-03
3.100354212546978325e-03
6.814162697066824528e-04
8.833608661698381373e-04
3.839934950802343684e-03
3.056819130532388942e-04
1.489371175346953288e-03
9.983561031652144618e-03
8.824882687579216909e-04
7.245839924120182733e-03
2.871026196891923385e-03
1.587420843353259871e-04
6.753755166624475026e-04
1.816772286525609797e-03
2.137311468692653944e-03
1.240164624907060149e-02
3.218044260283394755e-04
5.184460731633860377e-04
3.219839606307964720e-03
1.816000017755884342e-03
5.175903079813607907e-03
2.739055084435652594e-04
1.978447471139059555e-03
1.518134516148715975e-03
8.665368434779015640e-04
3.399719442219526887e-04
6.982289214697925701e-04
2.448816966232684068e-03
4.440295834205041335e-03
3.501749810708348941e-04
7.244672792958713843e-04
5.561558260652128870e-04
2.801824801445266123e-03
7.835068456310640903e-04
1.309067119718248249e-03
6.491641859615568432e-04
1.626881581988261780e-03
2.247949740333585623e-03
6.171140158999228586e-04
1.859094366625859383e-03
7.015364732589844101e-05
6.146447815258774747e-03
3.823170164957566571e-04
3.984448737331740611e-03
1.293246366757707603e-03
4.722953855998149320e-03
5.166664889408931552e-03
3.022976206671201121e-04
3.655950056753259902e-03
2.672335339109203466e-03
7.557865581787255940e-03
2.112984669675226014e-04
6.031853083022661009e-04
4.172911466415981426e-04
1.751866819267841103e-04
7.132688769218959671e-04
4.182322812965242470e-03
2.075415430778898389e-03
5.802901015107195075e-03
6.452438018649983261e-04
1.039305859365501203e-03
2.323483543371081088e-04
7.013178435618393040e-03
3.320898495178957379e-03
5.340746898596938344e-04
1.130782510146744173e-03
2.653700351000362178e-03
2.321639352831934421e-04
6.692483213681030274e-04
3.297289004813597777e-04
4.134838497696360742e-03
1.369285326024554175e-03
8.799851194207640882e-04
5.497190837806439564e-03
2.688807659185736033e-03
1.864766119272785782e-04
2.282919778101679016e-03
6.260494971787825685e-04
2.431800353367337419e-04
7.570598494224148149e-04
1.779218215323318582e-03
4.484711297680936057e-03
7.201640082772673519e-04
1.365518144663258179e-03
2.926127405210168851e-04
2.033579590838276944e-04
5.185019435553551471e-04
2.122190420752949986e-04
2.632733261428160752e-03
7.907939292931880039e-04
6.487442976120182461e-03
3.397068624519153889e-03
3.161870313547809463e-03
8.960985317071700580e-04
1.620595253635379474e-03
1.109395897545340653e-02
4.009143205566473300e-03
1.138299967737466502e-03
1.311017286535818985e-03
1.159024355628043325e-03
9.770084642246234987e-04
1.584920691463896907e-04
4.129410985268518706e-03
3.892547152685444257e-03
6.410967146922071785e-04
1.261950428021847747e-03
1.098627220922787683e-03
2.101280855921796187e-03
2.006606639756667969e-03
2.233517041135255326e-03
1.811460395279382773e-03
1.178449958499066174e-03
2.363458732783950411e-03
3.525826943589072788e-04
3.715205175637733594e-03
4.188868872330420135e-04
5.558105208432988350e-04
5.073333312455578954e-04
1.548440293298537903e-03
1.022279265031918573e-04
1.711981084791450560e-03
1.492925779263990990e-03
1.242827706054321297e-03
1.155283933066432499e-03
1.017430097478052697e-03
1.439518198892125083e-03
3.001012074576100887e-03
1.302991494163049978e-03
1.660809254963885578e-03
2.426639163675399155e-03
8.667457704364836361e-04
3.722982406975851137e-03
7.737560288321084986e-03
4.185126282464335617e-04
6.531837534568798922e-05
1.294086387655243907e-03
2.283278565190310049e-03
1.028827997528373875e-03
6.717649589278754064e-04
6.660613757148744866e-04
1.205083262902386515e-03
1.417967577608857457e-04
8.749219015253930417e-04
1.965491675489470114e-03
9.981532282972820080e-04
9.571210127498252975e-04
1.534793664609193208e-03
1.523325366628837819e-03
1.549573747924028319e-03
1.429013286191101133e-05
2.967139363699627312e-04
7.910944019720554665e-04
1.923569345807628816e-03
7.621550901527458744e-04
3.301773565843090733e-03
4.770832451567600177e-04
4.488328070526030091e-03
1.615938443743678227e-03
1.354081519227048978e-03
7.650951197938954743e-03
4.218621991323050213e-03
7.226457588272691994e-04
2.789457052820549544e-03
