数目与社区大小成正比，使用AI在社区内选点，社区串行
loss: 20 * 1/spreadSum
epoch0: ======================
loss: tensor(0.0683, device='cuda:1', grad_fn=<AddBackward0>)
seeds_list: [1640, 1353, 1305, 1358, 1264, 1409, 2361, 2268, 2826, 2986, 2453, 2144, 2747, 1005, 2629, 826, 25, 234, 355, 739]
spreadSum: 613.2926

epoch1: ======================
loss: tensor(0.0776, device='cuda:1', grad_fn=<AddBackward0>)
seeds_list: [1640, 1353, 1264, 1305, 1358, 1409, 1275, 2361, 2268, 2986, 2826, 1005, 2629, 826, 25, 234, 2591, 355, 739, 2890]
spreadSum: 613.2323

epoch2: ======================
loss: tensor(0.0732, device='cuda:1', grad_fn=<AddBackward0>)
seeds_list: [1640, 1353, 1264, 1305, 1358, 1409, 1275, 2361, 2268, 2986, 2826, 2453, 2144, 1005, 2629, 826, 25, 234, 355, 739]
spreadSum: 613.9803

epoch3: ======================
loss: tensor(0.0746, device='cuda:1', grad_fn=<AddBackward0>)
seeds_list: [1640, 1353, 1264, 1305, 1358, 1409, 1275, 2361, 2268, 2826, 2986, 2453, 2144, 2747, 1005, 2629, 826, 25, 234, 355, 739]
spreadSum: 613.2537

epoch4: ======================
loss: tensor(0.0754, device='cuda:1', grad_fn=<AddBackward0>)
seeds_list: [1640, 1353, 1264, 1305, 1358, 1409, 1275, 2361, 2268, 2986, 2826, 2453, 2144, 1005, 2629, 826, 25, 234, 739, 2890]
spreadSum: 613.1743

epoch5: ======================
loss: tensor(0.0760, device='cuda:1', grad_fn=<AddBackward0>)
seeds_list: [1640, 1353, 1264, 1305, 1358, 1409, 1275, 2361, 2268, 2826, 2986, 2453, 2144, 1005, 2629, 25, 826, 234, 355, 739]
spreadSum: 613.2487

epoch6: ======================
loss: tensor(0.0764, device='cuda:1', grad_fn=<AddBackward0>)
seeds_list: [1640, 1353, 1264, 1305, 1358, 1409, 1275, 2361, 2268, 2826, 2986, 2453, 1005, 2629, 25, 826, 234, 739, 2890, 355]
spreadSum: 613.2643

epoch7: ======================
loss: tensor(0.0766, device='cuda:1', grad_fn=<AddBackward0>)
seeds_list: [1640, 1353, 1264, 1305, 1358, 1409, 1275, 2361, 2268, 2826, 2986, 2453, 1005, 2629, 25, 826, 234, 355, 739, 2890]
spreadSum: 612.5764

epoch8: ======================
loss: tensor(0.0766, device='cuda:1', grad_fn=<AddBackward0>)
seeds_list: [1640, 1353, 1264, 1305, 1358, 1409, 1275, 2361, 2268, 2826, 2986, 2453, 1005, 2629, 25, 826, 234, 355, 739, 2890]
spreadSum: 612.5112

epoch9: ======================
loss: tensor(0.0765, device='cuda:1', grad_fn=<AddBackward0>)
seeds_list: [1640, 1353, 1264, 1305, 1358, 1409, 1275, 2361, 2268, 2826, 2986, 2453, 1005, 2629, 25, 826, 234, 355, 739, 2890]
spreadSum: 613.0484

epoch10: ======================
loss: tensor(0.0765, device='cuda:1', grad_fn=<AddBackward0>)
seeds_list: [1640, 1353, 1264, 1305, 1358, 1409, 1275, 2361, 2268, 2826, 2986, 2453, 2629, 1005, 25, 826, 234, 355, 739]
spreadSum: 613.6876

epoch11: ======================
loss: tensor(0.0768, device='cuda:1', grad_fn=<AddBackward0>)
seeds_list: [1640, 1353, 1264, 1305, 1358, 1409, 1275, 2361, 2268, 2826, 2986, 2453, 2144, 1005, 2629, 25, 826, 234, 355, 739]
spreadSum: 613.5303

epoch12: ======================
loss: tensor(0.0771, device='cuda:1', grad_fn=<AddBackward0>)
seeds_list: [1640, 1353, 1264, 1305, 1358, 1409, 1275, 2361, 2268, 2826, 2986, 2453, 2144, 1005, 2629, 25, 826, 234, 355, 2890]
spreadSum: 613.0944

epoch13: ======================
loss: tensor(0.0774, device='cuda:1', grad_fn=<AddBackward0>)
seeds_list: [1640, 1353, 1264, 1305, 1358, 1409, 1275, 2361, 2268, 2826, 2986, 2453, 2144, 2629, 1005, 25, 826, 234, 739, 355]
spreadSum: 612.8112

epoch14: ======================
loss: tensor(0.0776, device='cuda:1', grad_fn=<AddBackward0>)
seeds_list: [1640, 1353, 1264, 1305, 1358, 1409, 1275, 2361, 2268, 2826, 2986, 2453, 2144, 1005, 2629, 25, 826, 234, 739, 355]
spreadSum: 612.8695

epoch15: ======================
loss: tensor(0.0780, device='cuda:1', grad_fn=<AddBackward0>)
seeds_list: [1640, 1353, 1264, 1305, 1358, 1409, 1275, 2361, 2268, 2826, 2986, 2453, 2144, 1005, 2629, 25, 826, 234, 355, 739]
spreadSum: 612.6478

epoch16: ======================
loss: tensor(0.0780, device='cuda:1', grad_fn=<AddBackward0>)
seeds_list: [1640, 1353, 1264, 1305, 1358, 1409, 1275, 2361, 2268, 2826, 2986, 2453, 2144, 1005, 2629, 25, 826, 234, 355, 739]
spreadSum: 613.6778

epoch17: ======================
loss: tensor(0.0781, device='cuda:1', grad_fn=<AddBackward0>)
seeds_list: [1640, 1353, 1264, 1305, 1358, 1409, 1275, 2361, 2268, 2826, 2986, 2453, 2144, 1005, 2629, 25, 826, 234, 355, 739]
spreadSum: 613.2443

epoch18: ======================
loss: tensor(0.0782, device='cuda:1', grad_fn=<AddBackward0>)
seeds_list: [1640, 1353, 1264, 1305, 1358, 1409, 1275, 2361, 2268, 2826, 2986, 2453, 2144, 2629, 1005, 25, 826, 234, 355, 739]
spreadSum: 613.7802

epoch19: ======================
loss: tensor(0.0783, device='cuda:1', grad_fn=<AddBackward0>)
seeds_list: [1640, 1353, 1264, 1305, 1358, 1409, 1275, 2361, 2268, 2826, 2986, 2453, 2144, 1005, 2629, 25, 826, 234, 739, 2890]
spreadSum: 612.7896

epoch20: ======================
loss: tensor(0.0786, device='cuda:1', grad_fn=<AddBackward0>)
seeds_list: [1640, 1353, 1264, 1305, 1358, 1409, 1275, 2361, 2268, 2826, 2986, 2453, 2144, 1005, 2629, 25, 826, 234, 355, 739]
spreadSum: 613.1395

epoch21: ======================
loss: tensor(0.0786, device='cuda:1', grad_fn=<AddBackward0>)
seeds_list: [1640, 1353, 1264, 1305, 1358, 1409, 1275, 2361, 2268, 2826, 2986, 2453, 2144, 1005, 2629, 25, 826, 234, 739, 2890]
spreadSum: 614.0073

epoch22: ======================
loss: tensor(0.0787, device='cuda:1', grad_fn=<AddBackward0>)
seeds_list: [1640, 1353, 1264, 1305, 1358, 1409, 1275, 2361, 2268, 2826, 2986, 2453, 2144, 1005, 2629, 25, 826, 234, 739, 2890]
spreadSum: 613.3129

epoch23: ======================
loss: tensor(0.0788, device='cuda:1', grad_fn=<AddBackward0>)
seeds_list: [1640, 1353, 1264, 1305, 1358, 1409, 1275, 2361, 2268, 2826, 2986, 2453, 2144, 1005, 2629, 25, 826, 234, 739, 2890]
spreadSum: 613.6163

epoch24: ======================
loss: tensor(0.0789, device='cuda:1', grad_fn=<AddBackward0>)
seeds_list: [1640, 1353, 1264, 1305, 1358, 1409, 1275, 2361, 2268, 2826, 2986, 2453, 2144, 1005, 2629, 25, 826, 234, 355, 739]
spreadSum: 612.9783

epoch25: ======================
loss: tensor(0.0790, device='cuda:1', grad_fn=<AddBackward0>)
seeds_list: [1640, 1353, 1264, 1305, 1358, 1409, 1275, 2361, 2268, 2826, 2986, 2453, 2144, 1005, 2629, 25, 826, 234, 739, 2890]
spreadSum: 613.3737

epoch26: ======================
loss: tensor(0.0791, device='cuda:1', grad_fn=<AddBackward0>)
seeds_list: [1640, 1353, 1264, 1305, 1358, 1409, 1275, 2361, 2268, 2826, 2986, 2453, 2144, 1005, 2629, 25, 826, 234, 739, 2890]
spreadSum: 612.5578

epoch27: ======================
loss: tensor(0.0791, device='cuda:1', grad_fn=<AddBackward0>)
seeds_list: [1640, 1353, 1264, 1305, 1358, 1409, 1275, 2361, 2268, 2826, 2986, 2453, 2144, 1005, 2629, 25, 826, 234, 739, 2890]
spreadSum: 614.0499

epoch28: ======================
loss: tensor(0.0792, device='cuda:1', grad_fn=<AddBackward0>)
seeds_list: [1640, 1353, 1264, 1305, 1358, 1409, 1275, 2361, 2268, 2826, 2986, 2453, 2144, 1005, 2629, 25, 826, 234, 739, 2890]
spreadSum: 612.7288

epoch29: ======================
loss: tensor(0.0792, device='cuda:1', grad_fn=<AddBackward0>)
seeds_list: [1640, 1353, 1264, 1305, 1358, 1409, 1275, 2361, 2268, 2826, 2986, 2453, 2144, 1005, 2629, 25, 826, 234, 739, 2890]
spreadSum: 613.2344

epoch30: ======================
loss: tensor(0.0792, device='cuda:1', grad_fn=<AddBackward0>)
seeds_list: [1640, 1353, 1264, 1305, 1358, 1409, 1275, 2361, 2268, 2826, 2986, 2453, 2144, 1005, 2629, 25, 826, 234, 739, 2890]
spreadSum: 613.4996

epoch31: ======================
loss: tensor(0.0792, device='cuda:1', grad_fn=<AddBackward0>)
seeds_list: [1640, 1353, 1264, 1305, 1358, 1409, 1275, 2361, 2268, 2826, 2986, 2453, 2144, 1005, 2629, 25, 826, 234, 739, 2890]
spreadSum: 613.512

epoch32: ======================
loss: tensor(0.0792, device='cuda:1', grad_fn=<AddBackward0>)
seeds_list: [1640, 1353, 1264, 1305, 1358, 1409, 1275, 2361, 2268, 2826, 2986, 2453, 2144, 1005, 2629, 25, 826, 234, 739, 2890]
spreadSum: 614.2654

epoch33: ======================
loss: tensor(0.0792, device='cuda:1', grad_fn=<AddBackward0>)
seeds_list: [1640, 1353, 1264, 1305, 1358, 1409, 1275, 2361, 2268, 2826, 2986, 2453, 2144, 1005, 2629, 25, 826, 234, 739, 2890]
spreadSum: 613.5676

epoch34: ======================
loss: tensor(0.0792, device='cuda:1', grad_fn=<AddBackward0>)
seeds_list: [1640, 1353, 1264, 1305, 1358, 1409, 1275, 2361, 2268, 2826, 2986, 2453, 2144, 1005, 2629, 25, 826, 234, 739, 2890]
spreadSum: 613.6875

epoch35: ======================
loss: tensor(0.0793, device='cuda:1', grad_fn=<AddBackward0>)
seeds_list: [1640, 1353, 1264, 1305, 1358, 1409, 1275, 2361, 2268, 2826, 2986, 2453, 2144, 1005, 2629, 25, 826, 234, 739, 2890]
spreadSum: 613.1909

epoch36: ======================
loss: tensor(0.0792, device='cuda:1', grad_fn=<AddBackward0>)
seeds_list: [1640, 1353, 1264, 1305, 1358, 1409, 1275, 2361, 2268, 2826, 2986, 2453, 2144, 1005, 2629, 25, 826, 234, 739, 2890]
spreadSum: 614.0978

epoch37: ======================
loss: tensor(0.0793, device='cuda:1', grad_fn=<AddBackward0>)
seeds_list: [1640, 1353, 1264, 1305, 1358, 1409, 1275, 2361, 2268, 2826, 2986, 2453, 2144, 1005, 2629, 25, 826, 234, 739, 2890]
spreadSum: 612.8988

epoch38: ======================
loss: tensor(0.0792, device='cuda:1', grad_fn=<AddBackward0>)
seeds_list: [1640, 1353, 1264, 1305, 1358, 1409, 1275, 2361, 2268, 2826, 2986, 2453, 2144, 1005, 2629, 25, 826, 234, 739, 2890]
spreadSum: 613.5346

epoch39: ======================
loss: tensor(0.0793, device='cuda:1', grad_fn=<AddBackward0>)
seeds_list: [1640, 1353, 1264, 1305, 1358, 1409, 1275, 2361, 2268, 2826, 2986, 2453, 2144, 1005, 2629, 25, 826, 234, 739, 2890]
spreadSum: 613.2229

epoch40: ======================
loss: tensor(0.0792, device='cuda:1', grad_fn=<AddBackward0>)
seeds_list: [1640, 1353, 1264, 1305, 1358, 1409, 1275, 2361, 2268, 2826, 2986, 2453, 2144, 1005, 2629, 25, 826, 234, 739, 2890]
spreadSum: 613.9167

epoch41: ======================
loss: tensor(0.0793, device='cuda:1', grad_fn=<AddBackward0>)
seeds_list: [1640, 1353, 1264, 1305, 1358, 1409, 1275, 2361, 2268, 2826, 2986, 2453, 2144, 1005, 2629, 25, 826, 234, 739, 2890]
spreadSum: 612.8406

epoch42: ======================
loss: tensor(0.0793, device='cuda:1', grad_fn=<AddBackward0>)
seeds_list: [1640, 1353, 1264, 1305, 1358, 1409, 1275, 2361, 2268, 2826, 2986, 2453, 2144, 1005, 2629, 25, 826, 234, 739, 2890]
spreadSum: 613.0314

epoch43: ======================
loss: tensor(0.0793, device='cuda:1', grad_fn=<AddBackward0>)
seeds_list: [1640, 1353, 1264, 1305, 1358, 1409, 1275, 2361, 2268, 2826, 2986, 2453, 2144, 1005, 2629, 25, 826, 234, 739, 2890]
spreadSum: 613.2266

epoch44: ======================
loss: tensor(0.0792, device='cuda:1', grad_fn=<AddBackward0>)
seeds_list: [1640, 1353, 1264, 1305, 1358, 1409, 1275, 2361, 2268, 2826, 2986, 2453, 2144, 1005, 2629, 25, 826, 234, 739, 2890]
spreadSum: 613.7873

epoch45: ======================
loss: tensor(0.0793, device='cuda:1', grad_fn=<AddBackward0>)
seeds_list: [1640, 1353, 1264, 1305, 1358, 1409, 1275, 2361, 2268, 2826, 2986, 2453, 2144, 1005, 2629, 25, 826, 234, 739, 2890]
spreadSum: 613.0096

epoch46: ======================
loss: tensor(0.0792, device='cuda:1', grad_fn=<AddBackward0>)
seeds_list: [1640, 1353, 1264, 1305, 1358, 1409, 1275, 2361, 2268, 2826, 2986, 2453, 2144, 1005, 2629, 25, 826, 234, 739, 2890]
spreadSum: 613.7101

epoch47: ======================
loss: tensor(0.0792, device='cuda:1', grad_fn=<AddBackward0>)
seeds_list: [1640, 1353, 1264, 1305, 1358, 1409, 1275, 2361, 2268, 2826, 2986, 2453, 2144, 1005, 2629, 25, 826, 234, 739, 2890]
spreadSum: 612.9344

epoch48: ======================
loss: tensor(0.0792, device='cuda:1', grad_fn=<AddBackward0>)
seeds_list: [1640, 1353, 1264, 1305, 1358, 1409, 1275, 2361, 2268, 2826, 2986, 2453, 2144, 1005, 2629, 25, 826, 234, 739, 2890]
spreadSum: 613.3576

epoch49: ======================
loss: tensor(0.0792, device='cuda:1', grad_fn=<AddBackward0>)
seeds_list: [1640, 1353, 1264, 1305, 1358, 1409, 1275, 2361, 2268, 2826, 2986, 2453, 2144, 1005, 2629, 25, 826, 234, 739, 2890]
spreadSum: 613.9825

time: 234.88884687423706
