数目与社区大小成正比，使用AI在社区内选点，社区并行
loss: 20 * 1/spreadSum
epoch0: ======================
loss: tensor(0.0693, device='cuda:1', grad_fn=<AddBackward0>)
seeds_list: [1005, 2629, 826, 25, 234, 355, 739, 2361, 2268, 2826, 2986, 2453, 2144, 2747, 1640, 1353, 1305, 1358, 1264, 1288]
spreadSum: 613.5184

epoch1: ======================
loss: tensor(0.0786, device='cuda:1', grad_fn=<AddBackward0>)
seeds_list: [2629, 1005, 826, 25, 2591, 234, 355, 739, 2890, 2361, 2268, 2986, 2826, 1640, 1353, 1264, 1305, 1358, 1409, 1275]
spreadSum: 613.3221

epoch2: ======================
loss: tensor(0.0742, device='cuda:1', grad_fn=<AddBackward0>)
seeds_list: [2629, 1005, 826, 25, 234, 355, 2361, 2268, 2826, 2986, 2453, 2144, 2747, 1640, 1305, 1353, 1264, 1358, 1409, 1288]
spreadSum: 613.9988

epoch3: ======================
loss: tensor(0.0753, device='cuda:1', grad_fn=<AddBackward0>)
seeds_list: [1005, 2629, 826, 25, 355, 739, 2361, 2268, 2826, 2986, 2453, 2144, 2747, 1640, 1353, 1305, 1264, 1358, 1409, 1288]
spreadSum: 612.9659

epoch4: ======================
loss: tensor(0.0763, device='cuda:1', grad_fn=<AddBackward0>)
seeds_list: [1005, 2629, 826, 25, 234, 355, 2361, 2268, 2826, 2986, 2453, 2144, 2747, 1640, 1353, 1264, 1305, 1358, 1409, 1275]
spreadSum: 612.9956

epoch5: ======================
loss: tensor(0.0774, device='cuda:1', grad_fn=<AddBackward0>)
seeds_list: [1005, 2629, 826, 25, 234, 355, 739, 2361, 2268, 2826, 2986, 2453, 2144, 1640, 1353, 1264, 1305, 1358, 1409, 1275]
spreadSum: 612.9022

epoch6: ======================
loss: tensor(0.0781, device='cuda:1', grad_fn=<AddBackward0>)
seeds_list: [1005, 2629, 826, 25, 234, 2890, 355, 2361, 2268, 2826, 2986, 2453, 1640, 1353, 1264, 1305, 1358, 1409, 1275]
spreadSum: 613.7012

epoch7: ======================
loss: tensor(0.0783, device='cuda:1', grad_fn=<AddBackward0>)
seeds_list: [1005, 2629, 826, 25, 234, 355, 2890, 739, 2361, 2268, 2826, 2986, 2453, 1640, 1353, 1264, 1305, 1358, 1409, 1275]
spreadSum: 614.1278

epoch8: ======================
loss: tensor(0.0780, device='cuda:1', grad_fn=<AddBackward0>)
seeds_list: [1005, 2629, 826, 25, 234, 355, 739, 2890, 2361, 2268, 2826, 2986, 2453, 1640, 1353, 1264, 1305, 1358, 1409, 1275]
spreadSum: 612.8937

epoch9: ======================
loss: tensor(0.0775, device='cuda:1', grad_fn=<AddBackward0>)
seeds_list: [1005, 2629, 826, 25, 234, 355, 739, 2361, 2268, 2826, 2986, 2453, 1640, 1353, 1264, 1305, 1358, 1409, 1275]
spreadSum: 613.3862

epoch10: ======================
loss: tensor(0.0772, device='cuda:1', grad_fn=<AddBackward0>)
seeds_list: [1005, 2629, 826, 25, 234, 355, 739, 2361, 2268, 2826, 2986, 2453, 2144, 1640, 1353, 1264, 1305, 1358, 1409, 1275]
spreadSum: 612.6947

epoch11: ======================
loss: tensor(0.0771, device='cuda:1', grad_fn=<AddBackward0>)
seeds_list: [1005, 2629, 826, 25, 234, 355, 739, 2361, 2268, 2826, 2986, 2453, 2144, 1640, 1353, 1264, 1305, 1358, 1409, 1275]
spreadSum: 613.317

epoch12: ======================
loss: tensor(0.0773, device='cuda:1', grad_fn=<AddBackward0>)
seeds_list: [1005, 2629, 826, 25, 234, 355, 739, 2361, 2268, 2826, 2986, 2453, 2144, 1640, 1353, 1264, 1305, 1358, 1409, 1275]
spreadSum: 613.0847

epoch13: ======================
loss: tensor(0.0775, device='cuda:1', grad_fn=<AddBackward0>)
seeds_list: [1005, 2629, 826, 25, 234, 355, 739, 2361, 2268, 2826, 2986, 2453, 2144, 1640, 1353, 1264, 1305, 1358, 1409, 1275]
spreadSum: 613.2305

epoch14: ======================
loss: tensor(0.0778, device='cuda:1', grad_fn=<AddBackward0>)
seeds_list: [1005, 2629, 826, 25, 234, 355, 739, 2361, 2268, 2826, 2986, 2453, 2144, 1640, 1353, 1264, 1305, 1358, 1409, 1275]
spreadSum: 613.4283

epoch15: ======================
loss: tensor(0.0781, device='cuda:1', grad_fn=<AddBackward0>)
seeds_list: [1005, 2629, 826, 25, 234, 355, 739, 2361, 2268, 2826, 2986, 2453, 2144, 1640, 1353, 1264, 1305, 1358, 1409, 1275]
spreadSum: 612.8908

epoch16: ======================
loss: tensor(0.0783, device='cuda:1', grad_fn=<AddBackward0>)
seeds_list: [1005, 2629, 826, 25, 234, 355, 739, 2361, 2268, 2826, 2986, 2453, 2144, 1640, 1353, 1264, 1305, 1358, 1409, 1275]
spreadSum: 613.5876

epoch17: ======================
loss: tensor(0.0787, device='cuda:1', grad_fn=<AddBackward0>)
seeds_list: [1005, 2629, 826, 25, 234, 355, 739, 2361, 2268, 2826, 2986, 2453, 2144, 1640, 1353, 1264, 1305, 1358, 1409, 1275]
spreadSum: 613.2836

epoch18: ======================
loss: tensor(0.0784, device='cuda:1', grad_fn=<AddBackward0>)
seeds_list: [1005, 2629, 826, 25, 234, 355, 739, 2361, 2268, 2826, 2986, 2453, 2144, 1640, 1353, 1264, 1305, 1358, 1409, 1275]
spreadSum: 613.2766

epoch19: ======================
loss: tensor(0.0788, device='cuda:1', grad_fn=<AddBackward0>)
seeds_list: [1005, 2629, 826, 25, 234, 355, 739, 2361, 2268, 2826, 2986, 2453, 2144, 1640, 1353, 1264, 1305, 1358, 1409, 1275]
spreadSum: 613.6173

epoch20: ======================
loss: tensor(0.0786, device='cuda:1', grad_fn=<AddBackward0>)
seeds_list: [1005, 2629, 826, 25, 234, 355, 739, 2361, 2268, 2826, 2986, 2453, 2144, 1640, 1353, 1264, 1305, 1358, 1409, 1275]
spreadSum: 613.3825

epoch21: ======================
loss: tensor(0.0789, device='cuda:1', grad_fn=<AddBackward0>)
seeds_list: [1005, 2629, 826, 25, 234, 355, 739, 2361, 2268, 2826, 2986, 2453, 2144, 1640, 1353, 1264, 1305, 1358, 1409, 1275]
spreadSum: 613.6993

epoch22: ======================
loss: tensor(0.0790, device='cuda:1', grad_fn=<AddBackward0>)
seeds_list: [1005, 2629, 826, 25, 234, 355, 739, 2361, 2268, 2826, 2986, 2453, 2144, 1640, 1353, 1264, 1305, 1358, 1409, 1275]
spreadSum: 613.1093

epoch23: ======================
loss: tensor(0.0791, device='cuda:1', grad_fn=<AddBackward0>)
seeds_list: [1005, 2629, 826, 25, 234, 355, 739, 2361, 2268, 2826, 2986, 2453, 2144, 1640, 1353, 1264, 1305, 1358, 1409, 1275]
spreadSum: 613.4353

epoch24: ======================
loss: tensor(0.0791, device='cuda:1', grad_fn=<AddBackward0>)
seeds_list: [1005, 2629, 826, 25, 234, 355, 739, 2361, 2268, 2826, 2986, 2453, 2144, 1640, 1353, 1264, 1305, 1358, 1409, 1275]
spreadSum: 613.8362

epoch25: ======================
loss: tensor(0.0792, device='cuda:1', grad_fn=<AddBackward0>)
seeds_list: [1005, 2629, 826, 25, 234, 355, 2890, 2361, 2268, 2826, 2986, 2453, 2144, 1640, 1353, 1264, 1305, 1358, 1409, 1275]
spreadSum: 613.5878

epoch26: ======================
loss: tensor(0.0792, device='cuda:1', grad_fn=<AddBackward0>)
seeds_list: [1005, 2629, 826, 25, 234, 355, 2890, 2361, 2268, 2826, 2986, 2453, 2144, 1640, 1353, 1264, 1305, 1358, 1409, 1275]
spreadSum: 613.3307

epoch27: ======================
loss: tensor(0.0793, device='cuda:1', grad_fn=<AddBackward0>)
seeds_list: [1005, 2629, 826, 25, 234, 355, 2890, 2361, 2268, 2826, 2986, 2453, 2144, 1640, 1353, 1264, 1305, 1358, 1409, 1275]
spreadSum: 613.1841

epoch28: ======================
loss: tensor(0.0794, device='cuda:1', grad_fn=<AddBackward0>)
seeds_list: [1005, 2629, 826, 25, 234, 355, 2890, 2361, 2268, 2826, 2986, 2453, 2144, 1640, 1353, 1264, 1305, 1358, 1409, 1275]
spreadSum: 613.3997

epoch29: ======================
loss: tensor(0.0793, device='cuda:1', grad_fn=<AddBackward0>)
seeds_list: [1005, 2629, 826, 25, 234, 355, 2890, 2361, 2268, 2826, 2986, 2453, 2144, 1640, 1353, 1264, 1305, 1358, 1409, 1275]
spreadSum: 613.6011

time: 168.89962887763977
