数目与社区大小成正比，使用AI在社区内选点，社区串行
loss: 20 * 1/spreadSum
epoch0: ======================
loss: tensor(0.3673, device='cuda:1', grad_fn=<AddBackward0>)
seeds_list: [3253, 3120, 1136, 1316, 1700, 2556, 3398, 2985, 3382, 1678, 3540, 1597, 2267, 3191, 2067, 227, 1557, 1953, 1161, 3715]
spreadSum: 59.6794

epoch1: ======================
loss: tensor(0.3172, device='cuda:1', grad_fn=<AddBackward0>)
seeds_list: [3253, 1136, 1316, 1700, 2556, 3398, 2985, 3874, 2950, 1678, 3540, 546, 1597, 2067, 227, 4007, 1557, 1953, 1161, 3044]
spreadSum: 71.4637

epoch2: ======================
loss: tensor(0.2936, device='cuda:1', grad_fn=<AddBackward0>)
seeds_list: [3253, 3120, 1136, 1316, 1700, 2556, 3398, 2985, 3540, 1678, 546, 2950, 470, 1597, 2067, 2267, 1557, 1953, 3457, 1161]
spreadSum: 77.5713

epoch3: ======================
loss: tensor(0.3057, device='cuda:1', grad_fn=<AddBackward0>)
seeds_list: [3253, 3120, 1136, 1316, 1700, 2556, 3398, 2985, 1678, 2950, 3540, 546, 1597, 227, 4007, 2067, 1953, 3457, 1557, 1161]
spreadSum: 74.3399

epoch4: ======================
loss: tensor(0.2996, device='cuda:1', grad_fn=<AddBackward0>)
seeds_list: [3253, 3120, 1136, 1316, 1700, 2556, 3398, 2985, 1678, 2950, 3540, 546, 470, 1597, 4007, 2067, 1557, 1953, 3457, 1161]
spreadSum: 76.0779

epoch5: ======================
loss: tensor(0.2826, device='cuda:1', grad_fn=<AddBackward0>)
seeds_list: [3253, 3120, 1136, 1316, 1700, 2556, 3398, 1678, 2950, 3540, 546, 3362, 470, 1597, 4007, 1557, 1953, 3457, 1161, 3715]
spreadSum: 81.5134

epoch6: ======================
loss: tensor(0.2807, device='cuda:1', grad_fn=<AddBackward0>)
seeds_list: [794, 3253, 1136, 1316, 1700, 2556, 3398, 1678, 2950, 3540, 546, 3362, 470, 1597, 4007, 1557, 1953, 3457, 1161, 3715]
spreadSum: 82.3032

epoch7: ======================
loss: tensor(0.2678, device='cuda:1', grad_fn=<AddBackward0>)
seeds_list: [794, 3120, 3253, 1136, 1316, 1700, 1678, 3540, 546, 2950, 3362, 200, 470, 1597, 227, 1557, 1953, 3457, 1161, 3715]
spreadSum: 87.0251

epoch8: ======================
loss: tensor(0.2687, device='cuda:1', grad_fn=<AddBackward0>)
seeds_list: [794, 3120, 3253, 1136, 1316, 1700, 1678, 2950, 3540, 546, 3362, 200, 470, 1597, 227, 1557, 1953, 3457, 1161, 3715]
spreadSum: 86.7423

epoch9: ======================
loss: tensor(0.2674, device='cuda:1', grad_fn=<AddBackward0>)
seeds_list: [794, 3120, 3253, 1136, 1316, 1700, 1678, 2950, 3540, 546, 3362, 200, 470, 1597, 2267, 1557, 1953, 3457, 1161, 3715]
spreadSum: 87.2319

epoch10: ======================
loss: tensor(0.2672, device='cuda:1', grad_fn=<AddBackward0>)
seeds_list: [794, 3120, 3253, 1136, 1316, 1700, 1678, 2950, 3540, 546, 3362, 200, 470, 1597, 2267, 1557, 1953, 3457, 1161, 3715]
spreadSum: 87.39

epoch11: ======================
loss: tensor(0.2650, device='cuda:1', grad_fn=<AddBackward0>)
seeds_list: [794, 3120, 3253, 3735, 1136, 1316, 1678, 3540, 546, 2950, 3362, 200, 470, 1597, 2267, 1557, 1953, 3457, 1161, 3715]
spreadSum: 88.2898

epoch12: ======================
loss: tensor(0.2657, device='cuda:1', grad_fn=<AddBackward0>)
seeds_list: [794, 3253, 2922, 3120, 3735, 2985, 1678, 3540, 546, 2950, 3362, 200, 470, 1597, 2267, 1557, 1953, 3457, 1161, 3715]
spreadSum: 88.1258

epoch13: ======================
loss: tensor(0.2715, device='cuda:1', grad_fn=<AddBackward0>)
seeds_list: [794, 3253, 2922, 3120, 3735, 2985, 1678, 3540, 546, 2950, 3362, 200, 470, 1597, 1557, 1953, 3457, 1161, 3715]
spreadSum: 86.0122

epoch14: ======================
loss: tensor(0.2714, device='cuda:1', grad_fn=<AddBackward0>)
seeds_list: [794, 3253, 2922, 3120, 3735, 2985, 1678, 3540, 546, 2950, 3362, 200, 470, 148, 1557, 3457, 1953, 1161, 3715]
spreadSum: 86.1458

epoch15: ======================
loss: tensor(0.2719, device='cuda:1', grad_fn=<AddBackward0>)
seeds_list: [794, 3253, 2922, 3120, 3735, 2985, 1678, 3540, 546, 2950, 3362, 200, 470, 148, 1557, 3457, 1953, 1161, 3715]
spreadSum: 86.0334

epoch16: ======================
loss: tensor(0.2641, device='cuda:1', grad_fn=<AddBackward0>)
seeds_list: [794, 3253, 2922, 3120, 3735, 2985, 1678, 3540, 546, 2950, 3362, 200, 470, 148, 1597, 1557, 3457, 1953, 1161, 3715]
spreadSum: 89.0705

epoch17: ======================
loss: tensor(0.2719, device='cuda:1', grad_fn=<AddBackward0>)
seeds_list: [794, 3253, 2922, 3120, 3735, 2985, 1678, 546, 3540, 2950, 3362, 200, 470, 148, 1557, 3457, 1953, 1161, 3715]
spreadSum: 86.1487

epoch18: ======================
loss: tensor(0.2713, device='cuda:1', grad_fn=<AddBackward0>)
seeds_list: [794, 3253, 2922, 3120, 3735, 2985, 1678, 546, 3540, 2950, 3362, 200, 470, 148, 1557, 3457, 1953, 1161, 3715]
spreadSum: 86.3843

epoch19: ======================
loss: tensor(0.2722, device='cuda:1', grad_fn=<AddBackward0>)
seeds_list: [794, 3253, 2922, 3120, 3735, 2985, 1678, 546, 3540, 2950, 3362, 200, 470, 148, 1557, 1953, 3457, 1161, 3715]
spreadSum: 86.1144

epoch20: ======================
loss: tensor(0.2726, device='cuda:1', grad_fn=<AddBackward0>)
seeds_list: [794, 3253, 2922, 3120, 3735, 2985, 1678, 3540, 546, 2950, 3362, 200, 470, 148, 1557, 1953, 3457, 1161, 3715]
spreadSum: 86.0573

epoch21: ======================
loss: tensor(0.2735, device='cuda:1', grad_fn=<AddBackward0>)
seeds_list: [794, 3253, 2922, 3120, 3735, 2985, 1678, 3540, 546, 2950, 3362, 200, 470, 148, 1557, 1953, 3457, 1161, 3715]
spreadSum: 85.7697

epoch22: ======================
loss: tensor(0.2726, device='cuda:1', grad_fn=<AddBackward0>)
seeds_list: [794, 3253, 2922, 3120, 3735, 2985, 1678, 3540, 546, 2950, 3362, 200, 470, 148, 1557, 1953, 3457, 1161, 3715]
spreadSum: 86.1588

epoch23: ======================
loss: tensor(0.2730, device='cuda:1', grad_fn=<AddBackward0>)
seeds_list: [794, 3253, 2922, 3120, 3735, 2985, 1678, 3540, 546, 2950, 3362, 200, 470, 148, 1953, 1557, 3457, 1161, 3715]
spreadSum: 86.062

epoch24: ======================
loss: tensor(0.2727, device='cuda:1', grad_fn=<AddBackward0>)
seeds_list: [794, 3253, 2922, 3120, 3735, 2985, 1678, 3540, 546, 2950, 3362, 200, 470, 148, 1953, 1557, 3457, 1161, 3715]
spreadSum: 86.224

epoch25: ======================
loss: tensor(0.2733, device='cuda:1', grad_fn=<AddBackward0>)
seeds_list: [794, 3253, 2922, 3120, 3735, 2985, 1678, 3540, 546, 2950, 3362, 200, 470, 148, 1953, 3457, 1557, 3715, 1161]
spreadSum: 86.0661

epoch26: ======================
loss: tensor(0.2734, device='cuda:1', grad_fn=<AddBackward0>)
seeds_list: [794, 3253, 2922, 3120, 3735, 2985, 1678, 3540, 546, 2950, 3362, 200, 470, 148, 1953, 3457, 1557, 3715, 1161]
spreadSum: 86.0579

epoch27: ======================
loss: tensor(0.2732, device='cuda:1', grad_fn=<AddBackward0>)
seeds_list: [794, 3253, 2922, 3120, 3735, 2985, 1678, 3540, 546, 2950, 3362, 200, 470, 148, 1953, 3457, 1557, 3715, 1161]
spreadSum: 86.1702

epoch28: ======================
loss: tensor(0.2730, device='cuda:1', grad_fn=<AddBackward0>)
seeds_list: [794, 3253, 2922, 3120, 3735, 2985, 1678, 3540, 546, 2950, 3362, 200, 470, 148, 1953, 3457, 1557, 3715, 1161]
spreadSum: 86.2833

epoch29: ======================
loss: tensor(0.2730, device='cuda:1', grad_fn=<AddBackward0>)
seeds_list: [794, 3253, 2922, 3120, 3735, 2985, 1678, 3540, 546, 2950, 3362, 200, 470, 148, 1953, 3457, 1557, 3715, 1161]
spreadSum: 86.3562

epoch30: ======================
loss: tensor(0.2740, device='cuda:1', grad_fn=<AddBackward0>)
seeds_list: [794, 3253, 2922, 3120, 3735, 2985, 1678, 3540, 546, 2950, 3362, 200, 470, 148, 1953, 3457, 1557, 3715, 1161]
spreadSum: 86.0449

epoch31: ======================
loss: tensor(0.2740, device='cuda:1', grad_fn=<AddBackward0>)
seeds_list: [794, 3253, 2922, 3120, 3735, 2985, 1678, 3540, 546, 2950, 3362, 200, 470, 148, 1953, 3457, 1557, 3715, 1161]
spreadSum: 86.0658

epoch32: ======================
loss: tensor(0.2741, device='cuda:1', grad_fn=<AddBackward0>)
seeds_list: [794, 3253, 2922, 3120, 3735, 2985, 1678, 3540, 546, 2950, 3362, 200, 470, 148, 1953, 3457, 1557, 3715, 1161]
spreadSum: 86.0846

epoch33: ======================
loss: tensor(0.2741, device='cuda:1', grad_fn=<AddBackward0>)
seeds_list: [794, 3253, 2922, 3120, 3735, 2985, 1678, 3540, 546, 2950, 3362, 200, 470, 148, 1953, 3457, 1557, 3715, 1161]
spreadSum: 86.1712

epoch34: ======================
loss: tensor(0.2744, device='cuda:1', grad_fn=<AddBackward0>)
seeds_list: [794, 3253, 2922, 3120, 3735, 2985, 1678, 3540, 546, 2950, 3362, 200, 470, 148, 1953, 3457, 1557, 3715, 1161]
spreadSum: 86.2944

epoch35: ======================
loss: tensor(0.2746, device='cuda:1', grad_fn=<AddBackward0>)
seeds_list: [794, 3253, 2922, 3120, 3735, 2985, 1678, 3540, 546, 2950, 3362, 200, 470, 148, 1953, 3457, 1557, 3715, 1161]
spreadSum: 86.0466

epoch36: ======================
loss: tensor(0.2744, device='cuda:1', grad_fn=<AddBackward0>)
seeds_list: [794, 3253, 2922, 3120, 3735, 2985, 1678, 3540, 546, 2950, 3362, 200, 470, 148, 1953, 3457, 1557, 3715, 1161]
spreadSum: 86.1781

epoch37: ======================
loss: tensor(0.2743, device='cuda:1', grad_fn=<AddBackward0>)
seeds_list: [794, 3253, 2922, 3120, 3735, 2985, 1678, 3540, 546, 2950, 3362, 200, 470, 148, 1953, 3457, 1557, 3715, 1161]
spreadSum: 86.3089

epoch38: ======================
loss: tensor(0.2747, device='cuda:1', grad_fn=<AddBackward0>)
seeds_list: [794, 3253, 2922, 3120, 3735, 2985, 1678, 3540, 546, 2950, 3362, 200, 470, 148, 1953, 3457, 1557, 3715, 1161]
spreadSum: 86.0329

epoch39: ======================
loss: tensor(0.2748, device='cuda:1', grad_fn=<AddBackward0>)
seeds_list: [794, 3253, 2922, 3120, 3735, 2985, 1678, 3540, 546, 2950, 3362, 200, 470, 148, 1953, 3457, 1557, 3715, 1161]
spreadSum: 86.1441

epoch40: ======================
loss: tensor(0.2743, device='cuda:1', grad_fn=<AddBackward0>)
seeds_list: [794, 3253, 2922, 3120, 3735, 2985, 1678, 3540, 546, 2950, 3362, 200, 470, 148, 1953, 3457, 1557, 3715, 1161]
spreadSum: 86.2357

epoch41: ======================
loss: tensor(0.2749, device='cuda:1', grad_fn=<AddBackward0>)
seeds_list: [794, 3253, 2922, 3120, 3735, 2985, 1678, 3540, 546, 2950, 3362, 200, 470, 148, 1953, 3457, 1557, 3715, 1161]
spreadSum: 86.0731

epoch42: ======================
loss: tensor(0.2743, device='cuda:1', grad_fn=<AddBackward0>)
seeds_list: [794, 3253, 2922, 3120, 3735, 2985, 1678, 3540, 546, 2950, 3362, 200, 470, 148, 1953, 3457, 1557, 3715, 1161]
spreadSum: 86.2369

epoch43: ======================
loss: tensor(0.2752, device='cuda:1', grad_fn=<AddBackward0>)
seeds_list: [794, 3253, 2922, 3120, 3735, 2985, 1678, 3540, 546, 2950, 3362, 200, 470, 148, 1953, 3457, 1557, 3715, 1161]
spreadSum: 85.9453

epoch44: ======================
loss: tensor(0.2747, device='cuda:1', grad_fn=<AddBackward0>)
seeds_list: [794, 3253, 2922, 3120, 3735, 2985, 1678, 3540, 546, 2950, 3362, 200, 470, 148, 1953, 3457, 1557, 3715, 1161]
spreadSum: 86.1139

epoch45: ======================
loss: tensor(0.2738, device='cuda:1', grad_fn=<AddBackward0>)
seeds_list: [794, 3253, 2922, 3120, 3735, 2985, 1678, 3540, 546, 2950, 3362, 200, 470, 148, 1953, 3457, 1557, 3715, 1161]
spreadSum: 86.4535

epoch46: ======================
loss: tensor(0.2747, device='cuda:1', grad_fn=<AddBackward0>)
seeds_list: [794, 3253, 2922, 3120, 3735, 2985, 1678, 3540, 546, 2950, 3362, 200, 470, 148, 1953, 3457, 1557, 3715, 1161]
spreadSum: 86.138

epoch47: ======================
loss: tensor(0.2749, device='cuda:1', grad_fn=<AddBackward0>)
seeds_list: [794, 3253, 2922, 3120, 3735, 2985, 1678, 3540, 546, 2950, 3362, 200, 470, 148, 1953, 3457, 1557, 3715, 1161]
spreadSum: 86.0445

epoch48: ======================
loss: tensor(0.2745, device='cuda:1', grad_fn=<AddBackward0>)
seeds_list: [794, 3253, 2922, 3120, 3735, 2985, 1678, 3540, 546, 2950, 3362, 200, 470, 148, 1953, 3457, 1557, 3715, 1161]
spreadSum: 86.2065

epoch49: ======================
loss: tensor(0.2741, device='cuda:1', grad_fn=<AddBackward0>)
seeds_list: [794, 3253, 2922, 3120, 3735, 2985, 1678, 3540, 546, 2950, 3362, 200, 470, 148, 1953, 3457, 1557, 3715, 1161]
spreadSum: 86.35

time: 101.44110774993896
