数目与社区大小成正比，使用AI在社区内选点，社区并行
loss: 20 * 1/spreadSum
epoch0: ======================
loss: tensor(0.3431, device='cuda:1', grad_fn=<AddBackward0>)
seeds_list: [1678, 3540, 3253, 3120, 1136, 1316, 1700, 2556, 3398, 2985, 3382, 148, 1597, 2267, 3191, 2067, 1557, 1953, 1161, 3715]
spreadSum: 64.4884

epoch1: ======================
loss: tensor(0.3047, device='cuda:1', grad_fn=<AddBackward0>)
seeds_list: [3540, 1678, 546, 2950, 3253, 1136, 1316, 1700, 2556, 3398, 2985, 470, 1597, 2067, 2267, 1557, 1953, 1161, 3044, 552]
spreadSum: 75.2361

epoch2: ======================
loss: tensor(0.3110, device='cuda:1', grad_fn=<AddBackward0>)
seeds_list: [1678, 3540, 546, 200, 3253, 3120, 1136, 1316, 1700, 2556, 3398, 2985, 470, 1597, 2067, 2267, 1953, 3457, 1557, 1161]
spreadSum: 72.8699

epoch3: ======================
loss: tensor(0.3182, device='cuda:1', grad_fn=<AddBackward0>)
seeds_list: [1678, 3540, 546, 200, 3253, 1136, 1316, 1700, 2556, 3398, 2985, 3874, 470, 1597, 3020, 68, 3457, 1953, 1557, 1161]
spreadSum: 71.3452

epoch4: ======================
loss: tensor(0.3024, device='cuda:1', grad_fn=<AddBackward0>)
seeds_list: [1678, 3540, 546, 200, 3253, 3120, 1136, 1316, 1700, 2556, 3398, 2985, 470, 148, 1597, 3020, 3457, 1953, 1557, 1161]
spreadSum: 75.5809

epoch5: ======================
loss: tensor(0.3066, device='cuda:1', grad_fn=<AddBackward0>)
seeds_list: [1678, 3540, 546, 200, 3253, 3120, 1136, 1316, 1700, 2556, 3398, 470, 148, 1597, 2067, 1953, 3457, 1557, 1161]
spreadSum: 74.5205

epoch6: ======================
loss: tensor(0.2792, device='cuda:1', grad_fn=<AddBackward0>)
seeds_list: [1678, 3540, 546, 200, 3751, 794, 3120, 3253, 1136, 1316, 1700, 2556, 470, 148, 1597, 2267, 1953, 3457, 1557, 1161, 3044]
spreadSum: 83.189

epoch7: ======================
loss: tensor(0.2864, device='cuda:1', grad_fn=<AddBackward0>)
seeds_list: [1678, 3540, 546, 200, 3751, 794, 3120, 1136, 1316, 1700, 2556, 470, 148, 1597, 2267, 1953, 3457, 1557, 1161, 3044]
spreadSum: 80.9662

epoch8: ======================
loss: tensor(0.2772, device='cuda:1', grad_fn=<AddBackward0>)
seeds_list: [1678, 3540, 546, 200, 3751, 3362, 794, 3120, 1136, 1316, 1700, 2556, 470, 148, 1597, 1953, 3457, 1557, 1161, 3044]
spreadSum: 84.1655

epoch9: ======================
loss: tensor(0.2772, device='cuda:1', grad_fn=<AddBackward0>)
seeds_list: [1678, 3540, 546, 200, 3751, 3362, 794, 3120, 1136, 1316, 1700, 2556, 470, 148, 1597, 1557, 1953, 3457, 1161, 3044]
spreadSum: 84.2437

epoch10: ======================
loss: tensor(0.2761, device='cuda:1', grad_fn=<AddBackward0>)
seeds_list: [1678, 3540, 546, 200, 3751, 3362, 794, 3120, 1136, 1316, 1700, 2556, 470, 148, 1597, 1557, 1953, 3457, 1161, 552]
spreadSum: 84.6354

epoch11: ======================
loss: tensor(0.2724, device='cuda:1', grad_fn=<AddBackward0>)
seeds_list: [1678, 3540, 546, 200, 3751, 3362, 794, 3253, 2922, 3120, 1136, 1316, 470, 148, 1597, 1953, 3457, 1557, 1161, 552]
spreadSum: 86.0517

epoch12: ======================
loss: tensor(0.2730, device='cuda:1', grad_fn=<AddBackward0>)
seeds_list: [1678, 3540, 546, 200, 3751, 3362, 794, 3253, 2922, 3120, 1136, 1316, 470, 148, 1597, 1953, 3457, 1557, 1161, 552]
spreadSum: 85.8466

epoch13: ======================
loss: tensor(0.2729, device='cuda:1', grad_fn=<AddBackward0>)
seeds_list: [1678, 3540, 546, 200, 3751, 3362, 794, 3253, 2922, 3120, 1136, 1316, 470, 148, 1597, 1953, 3457, 1557, 1161, 552]
spreadSum: 85.9551

epoch14: ======================
loss: tensor(0.2712, device='cuda:1', grad_fn=<AddBackward0>)
seeds_list: [1678, 3540, 546, 200, 3751, 3362, 794, 3253, 2922, 3120, 1136, 1316, 470, 148, 1597, 1953, 3457, 1557, 3715, 1161]
spreadSum: 86.6276

epoch15: ======================
loss: tensor(0.2707, device='cuda:1', grad_fn=<AddBackward0>)
seeds_list: [1678, 3540, 546, 200, 3751, 3362, 794, 3253, 2922, 3120, 3735, 1136, 470, 148, 1597, 1953, 1557, 3457, 3715, 1161]
spreadSum: 86.9009

epoch16: ======================
loss: tensor(0.2763, device='cuda:1', grad_fn=<AddBackward0>)
seeds_list: [1678, 3540, 546, 200, 3751, 824, 794, 3253, 2922, 3120, 3735, 2985, 470, 148, 1597, 1557, 1953, 3457, 1161, 3715]
spreadSum: 84.9157

epoch17: ======================
loss: tensor(0.2774, device='cuda:1', grad_fn=<AddBackward0>)
seeds_list: [1678, 3540, 546, 200, 3751, 824, 794, 3253, 2922, 3120, 3735, 2985, 470, 148, 1597, 1953, 1557, 3457, 3715, 1161]
spreadSum: 84.5362

epoch18: ======================
loss: tensor(0.2773, device='cuda:1', grad_fn=<AddBackward0>)
seeds_list: [1678, 3540, 546, 200, 3751, 824, 794, 3253, 2922, 3120, 3735, 2985, 470, 148, 1597, 1953, 1557, 3457, 3715, 1161]
spreadSum: 84.6438

epoch19: ======================
loss: tensor(0.2769, device='cuda:1', grad_fn=<AddBackward0>)
seeds_list: [1678, 3540, 546, 200, 3751, 824, 794, 3253, 2922, 3120, 3735, 2985, 470, 148, 1597, 1953, 1557, 3457, 3715, 1161]
spreadSum: 84.8481

epoch20: ======================
loss: tensor(0.2772, device='cuda:1', grad_fn=<AddBackward0>)
seeds_list: [1678, 3540, 546, 200, 3751, 824, 794, 3253, 2922, 3120, 3735, 2985, 470, 148, 1597, 1953, 3457, 1557, 3715, 1161]
spreadSum: 84.7867

epoch21: ======================
loss: tensor(0.2771, device='cuda:1', grad_fn=<AddBackward0>)
seeds_list: [1678, 3540, 546, 200, 3751, 824, 794, 3253, 2922, 3120, 3735, 2985, 470, 148, 1597, 1953, 3457, 1557, 3715, 1161]
spreadSum: 84.8829

epoch22: ======================
loss: tensor(0.2778, device='cuda:1', grad_fn=<AddBackward0>)
seeds_list: [1678, 3540, 546, 200, 3751, 824, 794, 3253, 2922, 3120, 3735, 2985, 470, 148, 1597, 1953, 3457, 1557, 3715, 1161]
spreadSum: 84.6688

epoch23: ======================
loss: tensor(0.2778, device='cuda:1', grad_fn=<AddBackward0>)
seeds_list: [1678, 3540, 546, 200, 3751, 824, 794, 3253, 2922, 3120, 3735, 2985, 470, 148, 1597, 1953, 3457, 1557, 3715, 1161]
spreadSum: 84.7214

epoch24: ======================
loss: tensor(0.2781, device='cuda:1', grad_fn=<AddBackward0>)
seeds_list: [1678, 3540, 546, 200, 3751, 824, 794, 3253, 2922, 3120, 3735, 2985, 470, 148, 1597, 1953, 3457, 1557, 3715, 1161]
spreadSum: 84.6526

epoch25: ======================
loss: tensor(0.2786, device='cuda:1', grad_fn=<AddBackward0>)
seeds_list: [1678, 3540, 546, 200, 3751, 824, 794, 3253, 2922, 3120, 3735, 2985, 470, 148, 1597, 1953, 3457, 1557, 3715, 1161]
spreadSum: 84.4874

epoch26: ======================
loss: tensor(0.2779, device='cuda:1', grad_fn=<AddBackward0>)
seeds_list: [1678, 3540, 546, 200, 3751, 824, 794, 3253, 2922, 3120, 3735, 2985, 470, 148, 1597, 1953, 3457, 1557, 3715, 1161]
spreadSum: 84.7949

epoch27: ======================
loss: tensor(0.2783, device='cuda:1', grad_fn=<AddBackward0>)
seeds_list: [1678, 3540, 546, 200, 3751, 824, 794, 3253, 2922, 3120, 3735, 2985, 470, 148, 1597, 1953, 3457, 1557, 3715, 1161]
spreadSum: 84.7058

epoch28: ======================
loss: tensor(0.2782, device='cuda:1', grad_fn=<AddBackward0>)
seeds_list: [1678, 3540, 546, 200, 3751, 824, 794, 3253, 2922, 3120, 3735, 2985, 470, 148, 1597, 1953, 3457, 1557, 3715, 1161]
spreadSum: 84.7738

epoch29: ======================
loss: tensor(0.2779, device='cuda:1', grad_fn=<AddBackward0>)
seeds_list: [1678, 3540, 546, 200, 3751, 824, 794, 3253, 2922, 3120, 3735, 2985, 470, 148, 1597, 1953, 3457, 1557, 3715, 1161]
spreadSum: 84.926

time: 75.12778854370117
