k: 50
seeds_list: [545, 1098, 390, 1012, 1467, 2817, 3577, 119, 145, 204, 263, 199, 469, 3680, 147, 1596, 71, 314, 836, 1543, 3539, 78, 205, 3024, 1677, 1904, 2801, 478, 1080, 1160, 1490, 1679, 287, 384, 1236, 2874, 3196, 2949, 3361, 586, 751, 1556, 2693, 3614, 1743, 1822, 1952, 3750, 793, 3830]
spreadSum: 309.9131
Time：173.6014051437378
k: 50
seeds_list: [2949, 3361, 586, 751, 1556, 2693, 3614, 1743, 1822, 1952, 3750, 793, 3830, 551, 3539, 78, 205, 1677, 1904, 3024, 2801, 478, 1080, 1160, 1490, 199, 469, 3680, 1596, 71, 147, 314, 836, 1543, 1548, 2092, 2273, 3714, 225, 327, 545, 1098, 390, 1012, 1467, 2580, 2817, 119, 145, 204]
spreadSum: 301.9756
Time：625.2933704853058
k: 50
seeds_list: [3539, 78, 205, 1904, 3024, 1677, 2801, 478, 1080, 1490, 1679, 287, 545, 1098, 145, 390, 1012, 1467, 1469, 2063, 2817, 119, 204, 263, 267, 345, 2949, 3361, 586, 751, 1556, 3614, 1743, 469, 199, 3680, 1596, 71, 147, 314, 836, 1543, 1548, 2273, 3714, 225, 327, 806, 873, 1107, 1262]
spreadSum: 292.9133
Time：203.99180674552917
k: 50
seeds_list: [2949, 3361, 586, 751, 1556, 2693, 3614, 793, 1743, 1822, 1952, 3750, 3539, 78, 205, 1677, 1904, 3024, 2801, 478, 1080, 1160, 1490, 1679, 287, 384, 545, 1098, 390, 1012, 1467, 2580, 2817, 199, 469, 1596, 3680, 71, 147, 314, 836, 1543, 1548, 2092, 2273, 3714, 225, 327, 806, 873, 1107]
spreadSum: 303.8245
Time：196.4577887058258
k: 50
seeds_list: [2949, 3361, 586, 751, 1556, 3614, 551, 1743, 1822, 3750, 3539, 78, 3024, 205, 1677, 1904, 478, 1080, 1160, 1490, 469, 199, 3680, 1596, 71, 147, 314, 806, 836, 545, 1098, 390, 1012, 1467, 119, 204, 263, 267, 345, 529, 590, 643, 693, 710, 823, 855, 892, 993, 1469, 1576]
spreadSum: 293.5466
Time：199.85219073295593
k: 50
seeds_list: [199, 469, 1596, 3680, 71, 2092, 147, 314, 836, 1543, 1548, 2273, 3714, 225, 327, 2949, 3361, 586, 751, 1556, 2693, 3614, 793, 1743, 3539, 78, 205, 1677, 1904, 3024, 2801, 478, 1080, 1160, 1490, 1679, 287, 384, 1236, 2874, 545, 1098, 390, 1012, 1467, 2817, 119, 204, 263, 267]
spreadSum: 274.8738
Time：203.90274453163147
k: 50
seeds_list: [3539, 78, 205, 1677, 1904, 3024, 2801, 478, 1080, 1490, 1679, 287, 2949, 3361, 586, 751, 1556, 2693, 3614, 1743, 1952, 3750, 793, 1822, 3830, 551, 1393, 1430, 199, 469, 1596, 3680, 71, 2092, 147, 314, 836, 545, 1098, 145, 390, 1012, 1467, 2063, 2817, 119, 204, 263, 267, 345]
spreadSum: 304.726
Time：201.20000791549683
k: 50
seeds_list: [199, 469, 3680, 1596, 71, 147, 314, 836, 1543, 1548, 2092, 2273, 3714, 327, 806, 873, 1262, 545, 1098, 145, 390, 1012, 1467, 2063, 119, 3539, 78, 205, 1904, 3024, 1677, 2801, 478, 1080, 1490, 1679, 287, 384, 1160, 1236, 2874, 2949, 3361, 1556, 586, 751, 1952, 2693, 3614, 793]
spreadSum: 302.3301
Time：641.8417003154755
k: 50
seeds_list: [2949, 3361, 586, 751, 1556, 2693, 3614, 551, 1743, 1822, 3750, 793, 1952, 3830, 1393, 1664, 1906, 3217, 3539, 78, 205, 3024, 1677, 1904, 2801, 478, 1080, 1160, 1490, 1679, 287, 384, 1236, 2874, 3196, 251, 545, 1098, 390, 1467, 119, 204, 263, 199, 469, 3680, 1596, 71, 147, 314, 836]
spreadSum: 310.4764
Time：342.41033267974854
k: 50
seeds_list: [545, 1098, 145, 390, 1012, 1467, 2063, 2817, 119, 204, 263, 267, 345, 504, 529, 590, 643, 693, 2949, 3361, 586, 751, 1556, 2693, 3614, 793, 1743, 1822, 1952, 3750, 3830, 199, 469, 3680, 1596, 71, 314, 836, 1543, 3539, 78, 205, 1677, 1904, 3024, 2801, 478, 1080, 1490, 1679]
spreadSum: 308.8747
Time：647.9902772903442
k: 50
seeds_list: [545, 1098, 145, 390, 1012, 1467, 2063, 2580, 2817, 119, 263, 199, 469, 1596, 3680, 71, 2092, 147, 314, 836, 2949, 3361, 586, 751, 1556, 2693, 3614, 793, 1743, 1822, 1952, 3750, 3830, 551, 1393, 1430, 1664, 3539, 78, 205, 1677, 1904, 3024, 2801, 478, 1080, 1490, 1679, 287, 384]
spreadSum: 308.2475
Time：205.81336450576782
k: 50
seeds_list: [545, 1098, 390, 1012, 1467, 2580, 2817, 119, 145, 2949, 3361, 586, 751, 1556, 2693, 3614, 1743, 1822, 1952, 3750, 793, 3830, 551, 1393, 1664, 469, 199, 1596, 3680, 71, 147, 314, 836, 1543, 1548, 2092, 2273, 3019, 3539, 78, 205, 1677, 1904, 3024, 2801, 478, 1080, 1490, 1679]
spreadSum: 303.5414
Time：191.11699056625366
k: 50
seeds_list: [2949, 3361, 586, 751, 1556, 2693, 3614, 1743, 1822, 1952, 3750, 793, 3830, 551, 1393, 1664, 1906, 3217, 506, 545, 1098, 145, 390, 1012, 1467, 2063, 2580, 2817, 119, 3539, 78, 205, 1677, 1904, 3024, 2801, 478, 1080, 1490, 469, 199, 1596, 3680, 71, 147, 314, 836, 1543, 1548]
spreadSum: 295.4423
Time：312.8945007324219
k: 50
seeds_list: [3539, 78, 205, 1677, 1904, 3024, 2801, 478, 1080, 1490, 1679, 2949, 3361, 586, 751, 1556, 2693, 3614, 793, 1743, 1952, 3750, 1822, 3830, 551, 199, 469, 1596, 3680, 71, 147, 314, 836, 1543, 1548, 2092, 2273, 3714, 545, 1098, 145, 390, 1012, 1467, 2063, 2817, 119, 204, 263]
spreadSum: 288.5379
Time：324.48163747787476
k: 50
seeds_list: [199, 469, 3680, 1596, 71, 147, 545, 1098, 390, 1012, 1467, 2580, 2817, 119, 145, 204, 263, 267, 345, 504, 529, 2949, 3361, 586, 751, 1556, 2693, 3614, 1743, 1822, 1952, 3750, 793, 3830, 551, 1393, 3539, 78, 205, 1677, 1904, 3024, 2801, 478, 1080, 1490, 1679, 287, 384]
spreadSum: 303.3538
Time：297.5092520713806
k: 50
seeds_list: [199, 469, 3680, 1596, 71, 147, 314, 836, 1543, 1548, 2092, 2273, 545, 1098, 390, 1012, 1467, 1469, 2063, 119, 145, 204, 263, 267, 345, 529, 3539, 78, 205, 1904, 3024, 1677, 2801, 2949, 3361, 586, 751, 1556, 2693, 3614, 1743, 1822, 1952, 3750, 793, 3830, 551, 1393, 1664, 1906, 3217]
spreadSum: 265.0387
Time：350.1309144496918
k: 50
seeds_list: [3539, 78, 205, 1904, 3024, 1677, 2801, 478, 1080, 1490, 2949, 3361, 586, 751, 1556, 2693, 3614, 793, 1743, 1822, 545, 1098, 145, 390, 1012, 1467, 2063, 2817, 119, 199, 469, 3680, 1596, 71, 147, 314, 836, 1543, 1548, 2092, 2273, 3714, 327, 806, 873, 1107, 1262, 1574, 2017, 225]
spreadSum: 276.3637
Time：159.91750693321228
